chr	pos	NO_20-S1	NO_20-S3	NO_20-S4	NO_20-S2	HY_5-S3	HY_5-S4	HY_5-S2	HY_5-S1
JXMV01059847.1	2053	0.68	0.84	0.74	1.00	0.23	0.85	0.36	1.00
JXMV01059847.1	2091	1.00	0.94	0.97	1.00	0.33	0.86	0.62	1.00
JXMV01064171.1	3112	0.95	0.40	0.94	1.00	0.91	0.96	0.78	0.69
JXMV01064601.1	2626	0.37	0.11	0.39	0.14	0.14	0.35	0.19	0.23
JXMV01065341.1	1827	0.55	0.57	0.74	1.00	0.72	0.71	0.43	0.74
JXMV01065520.1	2669	0.91	0.81	0.93	0.83	0.95	0.94	0.88	0.94
KN805525.1	2779511	0.87	1.00	0.93	0.11	0.85	1.00	0.52	0.93
KN805525.1	3135370	0.88	0.91	0.98	1.00	0.96	0.91	0.95	0.91
KN805525.1	3135375	0.86	0.87	0.91	0.88	0.83	0.69	0.86	0.90
KN805525.1	3135381	0.91	0.95	0.97	1.00	0.95	0.83	0.91	0.94
KN805526.1	5735974	0.12	0.69	0.66	0.20	0.74	0.67	0.38	0.15
KN805526.1	5866531	0.89	0.97	0.89	0.70	0.76	0.80	0.97	0.86
KN805526.1	5866538	0.93	0.99	0.90	0.90	0.80	0.78	1.00	0.93
KN805526.1	5866580	0.92	1.00	1.00	0.90	0.97	0.98	1.00	0.97
KN805526.1	5866588	0.90	1.00	0.95	0.90	0.83	0.94	0.95	0.94
KN805526.1	5974178	0.78	0.47	0.71	0.40	0.67	0.66	0.50	0.83
KN805526.1	5974202	0.77	0.76	0.73	0.25	0.47	0.75	0.56	0.54
KN805526.1	5974214	0.87	0.99	0.80	0.56	0.56	0.91	0.74	0.83
KN805529.1	227288	0.84	0.75	0.57	1.00	1.00	0.88	1.00	1.00
KN805529.1	227327	0.52	0.23	0.97	1.00	1.00	0.97	1.00	0.93
KN805529.1	227333	1.00	1.00	0.66	1.00	1.00	1.00	1.00	1.00
KN805530.1	453250	0.95	0.92	0.78	0.67	0.82	0.61	0.95	0.92
KN805535.1	414192	0.92	1.00	0.62	0.77	0.79	0.88	0.95	0.30
KN805537.1	139227	0.59	0.43	0.12	0.14	0.30	0.92	0.40	1.00
KN805541.1	649966	0.88	0.78	0.70	1.00	0.88	0.66	0.79	1.00
KN805541.1	649983	0.73	0.75	0.74	1.00	0.72	0.69	0.75	1.00
KN805562.1	5134	0.81	0.49	0.82	0.56	0.81	0.96	0.81	1.00
KN805562.1	5140	0.90	0.53	0.74	0.56	0.89	1.00	0.91	1.00
KN805563.1	583986	0.97	0.97	0.88	0.80	0.16	0.28	1.00	0.77
KN805563.1	583999	0.61	0.44	1.00	0.90	0.12	1.00	1.00	0.94
KN805563.1	584002	0.61	0.98	0.97	0.89	0.12	0.28	1.00	0.92
KN805575.1	138707	0.90	0.96	0.91	0.91	0.97	0.97	1.00	0.97
KN805575.1	138715	0.88	0.96	0.93	0.82	0.87	0.89	0.85	0.93
KN805575.1	138732	0.95	0.81	0.87	0.86	0.95	0.87	0.97	0.87
KN805575.1	138752	0.94	0.74	0.93	0.85	0.91	0.89	0.87	0.87
KN805586.1	236129	0.96	1.00	0.97	0.11	1.00	1.00	0.97	0.93
KN805604.1	1140681	0.64	0.81	0.86	0.10	0.64	0.83	0.78	0.68
KN805605.1	291	0.91	0.56	0.75	0.57	0.86	1.00	0.90	1.00
KN805605.1	297	0.80	0.52	0.83	0.57	0.79	0.96	0.81	1.00
KN805607.1	412781	0.77	0.86	0.92	0.83	0.68	0.92	0.74	0.90
KN805610.1	285262	0.89	0.94	0.84	0.87	0.79	0.88	0.81	0.60
KN805610.1	285275	0.90	0.89	0.86	0.80	0.84	0.88	0.87	0.88
KN805610.1	285278	0.90	0.91	0.91	0.87	0.86	0.84	0.90	0.81
KN805629.1	579865	0.96	0.88	0.79	1.00	0.95	1.00	1.00	0.73
KN805630.1	203684	0.25	0.15	0.18	0.10	0.32	0.32	0.15	0.60
KN805635.1	655365	0.85	1.00	0.93	0.62	0.95	0.87	0.31	1.00
KN805645.1	450810	0.83	0.81	0.80	0.73	0.67	0.79	0.71	0.83
KN805648.1	418161	0.83	0.88	0.91	1.00	0.78	0.96	0.93	0.82
KN805658.1	30318	0.47	0.87	0.88	0.90	0.83	0.85	0.92	0.22
KN805658.1	460656	0.97	0.92	0.85	0.95	1.00	0.96	0.99	1.00
KN805660.1	200301	1.00	0.91	0.76	0.96	0.94	0.80	0.69	0.94
KN805660.1	200306	0.91	0.88	0.84	0.95	0.67	0.83	0.57	0.79
KN805660.1	200312	0.95	0.79	0.90	0.93	0.92	0.98	0.74	0.79
KN805662.1	474470	0.33	0.58	0.18	0.14	0.21	0.43	0.20	0.56
KN805670.1	459533	0.23	0.36	0.33	0.14	0.19	0.18	0.14	0.16
KN805674.1	120591	0.53	0.64	0.37	0.23	0.50	0.44	0.45	0.33
KN805674.1	120617	0.88	0.73	0.74	0.27	0.82	0.94	0.76	0.60
KN805674.1	120619	0.94	0.87	0.84	0.36	0.88	0.97	0.86	0.90
KN805677.1	9957	0.94	1.00	0.94	1.00	1.00	0.97	1.00	0.87
KN805680.1	500372	0.81	0.53	0.70	0.82	0.68	0.60	0.87	0.79
KN805689.1	140343	0.75	0.75	0.74	0.35	0.72	0.85	0.58	0.78
KN805694.1	36568	0.37	0.48	0.69	0.11	0.25	0.74	0.45	0.67
KN805697.1	178997	0.86	0.61	0.71	0.25	0.63	0.55	0.56	0.67
KN805697.1	375041	0.70	0.70	0.74	0.38	0.69	0.85	0.60	0.78
KN805698.1	2044440	0.87	0.68	0.68	0.92	0.85	0.77	0.95	0.95
KN805698.1	2807247	0.85	0.98	0.77	1.00	0.94	1.00	0.82	1.00
KN805698.1	2807486	0.83	0.89	0.92	1.00	1.00	0.61	0.92	0.33
KN805699.1	1391025	0.80	1.00	1.00	1.00	0.70	1.00	1.00	1.00
KN805701.1	194253	0.95	0.87	0.86	0.81	0.92	0.83	0.75	0.76
KN805703.1	49868	0.89	0.38	0.46	0.64	0.89	0.92	0.94	0.97
KN805726.1	474550	0.83	0.71	0.78	0.45	0.73	0.78	0.92	0.81
KN805726.1	474582	0.92	0.76	0.85	0.83	0.82	0.85	0.75	0.82
KN805726.1	474584	0.95	0.86	0.85	0.83	0.75	0.94	0.75	1.00
KN805726.1	474589	0.95	0.71	0.85	0.67	0.86	0.91	0.75	0.93
KN805741.1	373838	0.71	0.88	0.60	0.47	0.80	0.70	0.58	0.56
KN805742.1	227474	0.81	0.96	0.96	0.92	0.91	0.70	0.93	0.91
KN805742.1	227494	1.00	0.93	0.96	0.92	0.96	0.90	0.87	0.80
KN805750.1	122053	0.88	0.85	0.83	0.69	0.93	0.91	0.81	0.79
KN805750.1	122065	0.87	0.89	0.94	0.94	0.93	0.92	0.93	0.87
KN805750.1	122071	0.76	0.97	0.94	0.94	0.89	0.91	0.90	0.95
KN805750.1	122078	0.84	0.91	0.93	0.71	0.88	0.87	0.87	0.97
KN805750.1	448604	0.73	0.26	0.34	0.23	0.68	0.67	0.22	0.49
KN805750.1	448617	0.60	0.38	0.55	0.38	1.00	0.52	0.45	0.49
KN805750.1	448619	0.68	0.35	0.50	0.38	0.82	0.72	0.44	0.59
KN805750.1	448633	0.79	0.52	0.76	0.17	1.00	0.90	0.52	0.60
KN805752.1	372253	0.38	0.13	0.25	0.25	0.28	0.21	0.33	0.40
KN805755.1	234709	0.97	0.92	0.85	0.95	1.00	0.96	0.97	1.00
KN805758.1	500227	0.75	0.58	0.64	1.00	0.64	0.87	0.73	0.76
KN805763.1	369242	0.78	0.70	0.75	0.69	0.84	0.79	0.78	0.76
KN805765.1	289501	0.27	0.36	0.15	0.12	0.45	0.16	0.22	0.12
KN805769.1	81543	0.78	0.89	0.88	1.00	0.93	1.00	1.00	0.98
KN805769.1	81554	0.95	0.90	1.00	1.00	0.73	1.00	0.91	1.00
KN805776.1	253072	0.61	0.56	0.64	0.50	0.54	0.62	0.53	0.60
KN805778.1	250092	0.27	0.48	0.57	0.63	0.54	0.54	0.52	0.44
KN805781.1	185653	0.95	0.92	0.85	0.95	1.00	0.96	0.99	1.00
KN805789.1	76305	0.93	0.97	1.00	1.00	1.00	1.00	1.00	1.00
KN805789.1	76314	1.00	0.97	0.97	0.38	1.00	0.98	0.95	1.00
KN805789.1	76332	0.99	1.00	0.97	0.38	1.00	0.97	1.00	1.00
KN805792.1	275392	0.47	0.56	0.21	0.19	0.77	0.32	0.47	0.44
KN805792.1	275403	0.51	0.53	0.53	0.24	0.15	0.28	0.56	0.93
KN805796.1	385819	0.91	0.60	0.80	1.00	0.84	0.70	0.59	0.78
KN805797.1	214	0.29	0.52	0.36	0.76	0.65	0.38	0.32	0.89
KN805806.1	202789	0.90	0.87	0.85	0.92	0.78	0.87	0.92	0.92
KN805806.1	202796	0.56	0.83	0.72	0.52	0.56	0.73	0.59	0.42
KN805807.1	268892	0.75	0.87	0.62	0.42	0.84	0.75	0.55	0.84
KN805809.1	332676	0.20	0.43	0.40	0.30	0.58	0.25	0.33	0.23
KN805812.1	171345	0.74	0.83	0.77	0.68	0.86	0.89	0.82	0.42
KN805813.1	141351	0.60	0.53	0.38	0.54	0.50	0.41	0.28	0.77
KN805813.1	141375	0.80	0.95	0.65	0.75	0.86	0.55	0.74	0.77
KN805813.1	157881	0.79	0.87	0.94	0.91	0.69	0.85	0.79	1.00
KN805813.1	157888	0.63	0.88	0.88	0.83	0.79	0.76	0.93	0.85
KN805813.1	425085	0.46	0.96	0.93	0.55	0.87	0.87	0.82	0.89
KN805816.1	291944	0.60	0.29	0.45	0.24	0.42	0.21	0.57	0.24
KN805821.1	3099702	0.65	0.40	0.50	0.40	0.72	0.74	0.64	0.79
KN805822.1	2234128	0.48	0.13	0.32	1.00	0.71	0.72	0.45	0.97
KN805825.1	253393	0.94	0.96	0.97	0.80	0.97	1.00	0.96	0.20
KN805827.1	257953	0.86	0.73	0.85	0.50	0.86	0.94	0.88	0.88
KN805827.1	257961	0.93	1.00	0.92	0.40	0.86	0.96	0.90	0.94
KN805827.1	257969	0.88	0.90	0.95	1.00	0.81	0.98	0.94	0.94
KN805827.1	257975	0.90	0.93	0.94	1.00	0.96	0.99	0.93	0.92
KN805832.1	9655	0.94	0.91	0.94	0.80	0.95	0.86	0.97	0.84
KN805834.1	165067	0.41	0.54	0.86	0.11	0.32	0.91	0.53	0.62
KN805836.1	252224	0.55	1.00	0.78	0.10	0.55	0.77	0.12	1.00
KN805837.1	53696	0.74	0.58	0.89	0.17	0.47	0.88	0.23	0.40
KN805837.1	53697	0.81	0.68	0.79	0.31	0.70	0.83	0.85	1.00
KN805849.1	203274	1.00	1.00	1.00	1.00	1.00	1.00	1.00	1.00
KN805855.1	145110	0.87	0.93	0.86	1.00	0.88	0.87	0.97	1.00
KN805855.1	145117	0.65	0.71	0.73	0.90	0.73	0.76	0.76	0.83
KN805855.1	227792	0.89	0.88	0.95	0.80	0.95	0.64	0.92	0.86
KN805858.1	41560	0.66	0.24	0.67	1.00	0.37	0.86	0.21	1.00
KN805858.1	41567	0.57	0.27	0.68	1.00	0.37	0.82	0.29	0.21
KN805858.1	253493	0.50	0.52	0.53	0.92	0.41	0.54	0.21	0.12
KN805894.1	224869	0.28	0.33	0.35	0.68	0.31	0.21	0.28	0.39
KN805897.1	94541	0.92	0.86	0.91	0.54	0.87	0.78	0.91	0.72
KN805902.1	2035	0.64	0.86	0.79	0.78	0.81	0.68	0.89	0.86
KN805925.1	296480	0.33	0.11	0.19	0.36	0.30	0.26	0.11	0.23
KN805935.1	156808	0.89	0.91	0.93	0.88	0.81	0.77	0.88	0.76
KN805935.1	156928	0.95	0.96	0.91	1.00	0.93	0.76	0.83	0.97
KN805935.1	156948	0.90	1.00	0.91	0.83	0.89	0.95	1.00	0.97
KN805935.1	156958	0.90	0.94	0.88	0.67	0.89	0.86	0.94	0.91
KN805946.1	34069	0.63	0.40	0.51	0.31	0.74	0.74	0.51	0.72
KN805949.1	79823	0.87	0.86	0.82	0.64	0.90	0.92	0.23	0.91
KN805949.1	180076	0.37	0.52	0.69	0.11	0.26	0.86	0.45	0.67
KN805957.1	184192	0.84	0.68	0.96	0.80	0.75	0.95	0.32	0.73
KN805961.1	8608	0.95	0.44	0.79	0.92	0.93	0.93	0.54	0.88
KN805961.1	8616	0.92	0.40	0.87	0.75	0.93	0.72	0.50	0.85
KN805964.1	58434	0.46	0.78	0.62	0.12	0.82	0.79	0.62	0.53
KN805973.1	265738	0.29	0.20	0.59	1.00	0.18	0.48	0.42	0.27
KN805984.1	126550	0.28	0.39	0.38	0.38	0.42	0.33	0.46	0.48
KN805989.1	60162	1.00	1.00	0.98	1.00	0.93	1.00	1.00	1.00
KN805989.1	60168	0.98	1.00	0.95	0.95	0.90	0.96	1.00	0.69
KN805989.1	60173	0.96	1.00	0.88	1.00	0.90	0.94	0.96	1.00
KN805989.1	60206	0.82	0.87	0.80	0.95	0.73	0.84	0.96	0.85
KN805994.1	50846	0.87	1.00	0.96	0.70	0.89	0.93	0.64	0.89
KN806000.1	95538	0.86	0.57	0.67	0.67	0.79	0.95	0.62	0.65
KN806000.1	95542	0.81	0.62	0.57	0.58	0.79	0.84	0.67	0.69
KN806000.1	95549	0.76	0.62	0.67	0.83	0.79	0.89	0.69	0.66
KN806000.1	95573	0.54	0.42	0.24	0.67	0.33	0.50	0.48	0.72
KN806015.1	189681	0.96	1.00	0.89	1.00	0.89	0.99	0.12	0.89
KN806023.1	141281	0.93	0.34	0.27	1.00	0.73	0.80	0.95	0.94
KN806024.1	176001	0.58	0.26	0.32	0.41	0.33	0.40	0.70	0.71
KN806031.1	17708	0.83	0.73	0.68	0.47	0.74	0.72	0.56	0.87
KN806031.1	17723	0.61	0.59	0.66	0.79	0.65	0.55	0.38	0.55
KN806031.1	18600	0.98	1.00	0.90	0.29	0.12	1.00	0.18	1.00
KN806031.1	18617	0.98	0.98	0.96	0.30	0.88	0.57	0.17	1.00
KN806031.1	47438	0.61	0.23	0.29	0.15	0.83	0.51	0.17	0.53
KN806031.1	47451	0.76	0.42	0.58	0.36	1.00	0.75	0.45	0.53
KN806031.1	47453	0.54	0.35	0.46	0.36	0.90	0.63	0.41	0.67
KN806031.1	47467	0.70	0.50	0.78	0.15	1.00	0.83	0.50	0.68
KN806059.1	88694	0.67	0.57	0.61	0.57	0.80	0.81	0.89	0.46
KN806090.1	158878	0.98	0.90	1.00	0.33	1.00	1.00	1.00	1.00
KN806096.1	62977	0.88	0.83	0.92	0.74	0.48	1.00	0.85	1.00
KN806105.1	174465	0.94	0.94	0.89	1.00	0.81	0.88	0.75	0.87
KN806105.1	174470	0.97	0.95	0.82	1.00	0.84	0.97	0.81	0.98
KN806105.1	174472	0.92	0.95	0.84	0.82	0.84	0.91	0.81	0.82
KN806119.1	126036	0.80	0.86	0.96	1.00	0.89	1.00	0.81	0.98
KN806156.1	139712	0.62	0.57	0.64	0.31	0.62	0.64	0.51	0.72
KN806157.1	75722	0.82	0.62	0.77	0.53	0.60	0.78	0.65	0.71
KN806184.1	24664	0.98	1.00	0.94	0.88	0.92	0.95	0.90	0.90
KN806184.1	24671	0.93	1.00	0.97	0.91	0.83	0.92	0.90	0.90
KN806184.1	24695	0.84	0.99	0.94	0.98	1.00	0.89	0.70	0.94
KN806184.1	81239	0.72	0.68	0.76	0.67	0.82	0.80	0.76	0.70
KN806188.1	132409	0.95	0.74	0.92	0.71	0.87	0.85	0.89	0.85
KN806188.1	132414	0.94	0.85	0.92	0.82	0.94	0.88	0.89	0.92
KN806188.1	132416	0.94	0.83	0.85	0.82	0.87	0.94	0.78	0.83
KN806201.1	72493	0.59	0.24	0.32	0.17	0.66	0.52	0.18	0.55
KN806201.1	72506	0.76	0.40	0.59	0.39	1.00	0.77	0.48	0.55
KN806201.1	72508	0.51	0.36	0.45	0.39	0.79	0.62	0.44	0.68
KN806201.1	72522	0.69	0.52	0.82	0.17	1.00	0.84	0.54	0.68
KN806209.1	136488	0.93	0.88	1.00	1.00	0.90	0.86	0.97	0.95
KN806210.1	164740	0.42	0.11	0.53	0.29	0.16	0.31	0.63	0.76
KN806211.1	88938	0.35	0.18	0.27	0.48	0.43	0.31	0.10	0.89
KN806234.1	107783	0.60	0.24	0.32	0.16	0.63	0.52	0.18	0.55
KN806234.1	107796	0.76	0.40	0.59	0.39	0.97	0.77	0.48	0.55
KN806234.1	107798	0.52	0.36	0.45	0.39	0.77	0.62	0.44	0.67
KN806234.1	107812	0.69	0.52	0.82	0.18	1.00	0.84	0.54	0.67
KN806242.1	20427	0.70	0.69	0.68	0.69	0.81	0.78	0.89	0.70
KN806244.1	95807	0.75	0.75	0.74	0.35	0.70	0.85	0.59	0.78
KN806248.1	90335	0.93	0.83	0.52	0.63	0.75	0.63	0.84	0.80
KN806248.1	90378	0.39	0.32	0.47	0.72	0.32	0.29	0.39	0.25
KN806250.1	128139	0.89	0.91	0.83	0.70	0.75	0.90	0.92	0.86
KN806250.1	128146	0.93	0.96	0.85	0.90	0.79	0.87	1.00	0.93
KN806250.1	128188	0.90	0.89	0.98	0.90	0.96	0.97	0.94	0.97
KN806250.1	128196	0.88	0.93	0.91	0.90	0.86	0.89	0.83	0.93
KN806253.1	143586	0.55	0.61	0.66	0.26	0.56	0.64	0.53	0.68
KN806280.1	103693	0.29	0.19	0.59	1.00	0.18	0.15	0.42	0.25
KN806284.1	24678	1.00	0.83	0.96	0.90	1.00	1.00	0.16	1.00
KN806284.1	24684	0.77	0.92	0.92	0.10	0.26	1.00	0.16	1.00
KN806294.1	119443	0.98	0.91	0.86	0.50	0.91	0.98	0.53	1.00
KN806298.1	67406	0.93	0.97	1.00	1.00	1.00	1.00	1.00	1.00
KN806298.1	67415	1.00	0.97	0.97	0.38	1.00	0.98	0.95	1.00
KN806298.1	67433	0.97	0.97	1.00	0.38	0.88	0.93	1.00	1.00
KN806299.1	514	0.81	0.64	0.78	1.00	0.70	0.46	0.34	0.83
KN806307.1	131289	0.30	0.53	0.42	0.50	0.88	0.63	0.62	0.29
KN806341.1	11656	0.90	0.59	0.80	1.00	0.90	0.71	0.96	0.78
KN806365.1	11550	0.85	0.85	0.81	0.66	0.86	0.87	0.86	0.75
KN806381.1	23900	0.18	0.28	0.18	0.28	0.27	0.17	0.19	0.23
KN806405.1	5549	0.59	0.35	0.25	0.10	0.37	0.21	0.20	0.38
KN806418.1	41012	0.72	0.84	1.00	0.50	1.00	0.90	0.64	0.62
KN806418.1	41044	0.72	0.84	0.94	0.50	1.00	0.87	0.64	0.69
KN806418.1	41046	0.89	0.84	0.79	0.50	1.00	0.90	0.50	1.00
KN806418.1	41051	0.75	0.84	0.94	0.50	1.00	0.90	0.64	1.00
KN806425.1	14492	0.93	0.97	1.00	1.00	1.00	1.00	1.00	1.00
KN806425.1	14501	1.00	0.97	0.97	0.38	1.00	0.98	0.95	1.00
KN806425.1	14519	1.00	1.00	1.00	0.38	1.00	0.97	1.00	1.00
KN806473.1	39605	0.48	0.68	0.88	0.18	0.55	0.35	0.57	0.65
KN806495.1	20877	0.68	0.84	0.74	1.00	0.23	0.84	0.33	1.00
KN806495.1	20915	1.00	0.94	0.98	1.00	0.31	0.86	0.73	1.00
KN806503.1	78293	1.00	1.00	1.00	1.00	1.00	1.00	1.00	1.00
KN806610.1	22855	0.82	0.95	0.95	0.57	0.69	0.73	0.87	0.90
KN806638.1	18181	0.67	0.71	0.95	0.88	0.43	0.68	0.83	0.67
KN806644.1	39222	0.89	0.64	0.80	0.60	0.76	0.77	0.70	1.00
KN806644.1	39229	0.87	0.53	0.56	0.60	0.55	0.66	0.66	0.46
KN806663.1	24884	0.78	0.52	0.67	0.27	0.88	0.54	0.41	0.67
KN806683.1	16136	0.92	0.79	0.75	0.17	0.75	0.76	0.78	0.48
KN806683.1	16157	0.89	0.95	0.42	0.17	0.84	0.60	0.91	0.84
KN806701.1	33017	0.64	0.76	0.77	1.00	0.27	0.90	0.77	0.82
KN806702.1	51572	0.26	0.20	0.10	0.35	0.23	0.20	0.11	0.18
KN806713.1	30862	0.81	0.77	0.63	0.50	0.72	0.74	0.60	0.83
KN806713.1	30869	0.77	0.69	0.56	0.20	0.64	0.74	0.60	0.65
KN806722.1	1909	0.69	0.66	0.79	0.60	0.39	0.82	0.71	0.74
KN806729.1	14618	0.94	0.89	0.92	0.60	0.73	0.94	0.75	1.00
KN806774.1	24331	0.88	0.72	0.86	0.85	0.85	0.94	0.71	0.81
KN806944.1	14129	0.12	0.18	0.15	1.00	0.38	0.15	0.23	0.28
KN806972.1	21720	1.00	0.98	0.92	1.00	0.47	0.73	0.88	1.00
KN806972.1	21740	1.00	0.98	0.96	0.60	0.94	1.00	0.96	1.00
KN807043.1	24186	0.89	0.79	0.88	0.55	0.91	0.86	0.80	0.86
KN807043.1	24188	0.91	0.83	0.84	0.55	0.97	0.80	0.92	0.96
KN807043.1	24193	0.83	0.79	0.70	0.27	0.94	0.89	0.88	0.90
KN807102.1	20793	0.66	0.70	0.68	0.47	0.59	0.63	0.53	0.67
KN807102.1	20835	0.95	0.93	0.98	0.61	0.88	0.89	0.86	0.86
KN807102.1	20843	0.86	0.83	0.91	0.44	0.78	0.89	0.84	0.83
KN807102.1	20947	1.00	0.86	0.94	0.62	0.91	0.98	0.82	0.23
KN807102.1	21189	0.83	0.91	0.69	0.18	0.97	0.85	1.00	0.98
KN807102.1	21221	0.68	0.29	0.95	1.00	1.00	0.82	0.94	0.98
KN807102.1	21223	0.89	0.93	1.00	1.00	1.00	0.88	0.95	0.86
KN807102.1	21228	0.62	0.71	0.98	0.36	1.00	0.88	0.94	0.89
KN807102.1	21234	0.89	0.95	0.80	1.00	0.89	0.97	1.00	0.98
KN807113.1	2190	0.78	0.97	0.97	0.69	0.76	0.96	0.80	0.86
KN807143.1	7212	0.29	0.20	0.60	1.00	0.18	0.48	0.42	0.26
KN807169.1	64025	0.98	0.34	1.00	1.00	0.98	0.97	0.98	1.00
KN807237.1	5369	0.48	0.56	0.28	0.22	0.30	0.85	0.56	0.75
KN807290.1	7512	0.92	0.77	0.77	0.52	0.73	0.97	0.80	0.91
KN807329.1	5968	0.72	0.78	0.80	0.45	0.80	0.86	0.70	0.73
KN807329.1	5972	0.83	0.84	0.85	0.67	0.83	0.93	0.58	0.82
KN807510.1	16360	0.95	0.90	0.49	1.00	0.94	0.69	0.73	1.00
KN807510.1	16386	0.96	0.88	1.00	1.00	1.00	0.70	0.65	1.00
KN807510.1	16392	0.88	0.89	0.49	1.00	0.83	0.68	0.38	1.00
KN807510.1	16405	0.92	0.96	0.98	1.00	1.00	0.68	0.65	1.00
KN807536.1	18749	0.82	0.72	0.73	0.35	0.80	0.85	0.60	0.77
KN807558.1	9181	0.88	0.31	0.79	0.75	0.62	0.38	0.95	1.00
KN807617.1	7626	0.82	0.98	0.57	1.00	0.42	0.93	0.69	1.00
KN807767.1	6770	0.62	0.59	0.65	0.31	0.63	0.64	0.51	0.72
KN807919.1	8764	0.93	0.97	1.00	1.00	1.00	1.00	1.00	1.00
KN807919.1	8773	1.00	0.97	0.97	0.38	1.00	0.98	0.95	1.00
KN807919.1	8791	1.00	1.00	1.00	0.38	1.00	0.97	1.00	1.00
KN807928.1	12709	0.82	0.90	0.52	0.81	0.95	1.00	1.00	1.00
KN808211.1	3196	0.81	0.74	0.77	0.50	0.81	0.85	0.90	0.85
KN808211.1	3262	0.75	0.63	0.76	0.50	0.77	0.80	0.79	0.87
KN808291.1	48	0.71	0.93	0.89	0.82	0.94	0.71	0.87	0.77
KN808291.1	50	0.94	0.97	0.93	0.91	0.48	0.83	0.73	0.92
KN808291.1	55	0.85	0.91	0.96	0.91	0.95	0.88	0.93	0.92
KN808318.1	2225	0.59	0.93	0.54	0.79	0.74	1.00	0.65	0.69
KN808364.1	12903	0.76	0.60	0.79	0.55	0.16	0.45	0.22	0.58
KN808364.1	12933	0.83	0.85	0.88	0.55	0.84	0.60	0.24	0.65
KN808410.1	5997	0.96	0.91	0.91	0.82	0.83	0.88	0.73	0.90
KN808410.1	6002	0.96	0.91	0.86	0.82	0.79	0.97	0.80	0.97
KN808410.1	6004	0.91	0.91	0.89	0.64	0.83	0.91	0.80	0.79
KN808410.1	6036	0.81	0.67	0.80	0.42	0.80	0.84	0.94	0.86
KN808450.1	3104	0.58	0.65	0.73	0.57	0.76	0.69	0.81	1.00
KN808450.1	3118	0.70	0.88	0.81	0.57	0.76	0.85	1.00	1.00
KN808450.1	3137	0.91	0.96	0.69	0.57	0.86	1.00	0.90	1.00
KN808450.1	3143	0.80	0.88	0.81	0.57	0.79	0.96	0.81	0.29
KN808477.1	7429	0.66	0.60	0.84	0.80	0.92	0.51	0.52	0.20
KN808477.1	7444	0.53	0.54	0.81	0.67	0.85	0.12	0.44	0.11
KN808499.1	5425	0.96	0.82	0.94	0.94	0.97	0.83	0.83	0.92
KN808499.1	5472	0.87	0.84	0.80	0.88	0.94	0.80	0.81	0.77
KN808764.1	7649	0.88	0.64	0.74	0.33	0.67	0.66	0.59	0.65
KN809025.1	6663	0.85	0.83	0.83	0.64	0.92	0.86	0.75	0.88
KN809150.1	1224	0.88	0.70	0.65	1.00	0.96	0.95	0.77	1.00
KN809150.1	1235	0.84	0.73	0.68	0.22	0.96	0.90	0.77	0.83
KN809150.1	1237	0.72	0.96	0.92	0.78	0.98	0.93	0.68	1.00
KN809217.1	3862	0.44	0.49	0.35	0.13	0.28	0.28	0.27	0.18
KN809217.1	3877	0.39	0.51	0.37	0.31	0.20	0.28	0.28	0.29
KN809225.1	9169	0.94	0.90	0.82	0.53	0.92	0.86	0.95	1.00
KN809238.1	3982	0.97	0.89	0.85	0.85	0.90	0.87	0.80	0.94
KN809317.1	7554	0.41	0.78	0.53	0.38	0.69	0.53	0.60	0.65
KN809573.1	2896	0.87	0.74	0.94	1.00	0.62	0.91	0.80	0.88
KN809573.1	2912	0.71	0.50	0.79	0.98	0.57	0.63	0.82	0.81
KN809573.1	2942	0.70	0.73	0.75	1.00	0.52	0.74	0.96	0.93
KN809941.1	1607	0.77	0.72	0.73	0.35	0.73	0.85	0.60	0.77
KN809974.1	1346	0.76	0.89	1.00	0.69	0.96	1.00	0.96	0.69
KN809974.1	1350	0.83	0.60	0.89	0.57	0.84	0.99	0.96	0.83
KN810347.1	4132	0.92	0.83	0.84	0.70	0.85	0.90	0.88	0.85
KN810643.1	2423	0.83	0.71	0.80	0.30	0.81	0.47	0.93	0.80
KN810658.1	1021	1.00	0.64	1.00	1.00	1.00	1.00	1.00	1.00
KN811283.1	2222356	0.97	0.97	0.94	1.00	0.96	0.89	0.81	0.89
KN811283.1	2222369	0.97	0.76	0.91	0.89	0.96	0.70	0.93	0.90
KN811284.1	617815	0.31	0.18	0.11	0.18	0.36	0.39	0.37	0.50
KN811284.1	3348714	0.90	0.89	0.80	0.71	0.90	0.89	0.95	1.00
KN811284.1	3348719	0.87	0.91	0.76	0.64	1.00	0.89	0.95	0.95
KN811284.1	3348721	0.94	0.83	0.87	0.50	0.95	0.85	0.90	1.00
KN811284.1	3348753	0.90	0.86	0.63	0.75	0.86	0.83	0.85	0.94
KN811285.1	2353020	0.81	0.67	0.60	0.30	0.63	0.24	0.67	0.74
KN811285.1	2353072	0.23	0.51	0.35	0.33	0.37	0.39	0.67	0.16
KN811285.1	2967257	0.44	0.71	0.55	0.59	0.85	0.92	0.45	0.89
KN811286.1	2249475	0.93	0.88	0.90	0.73	0.85	0.85	0.77	0.90
KN811286.1	2249495	0.93	0.88	0.92	0.83	0.95	0.83	0.85	0.85
KN811287.1	2511885	0.28	0.15	0.12	0.15	0.52	0.10	0.14	0.11
KN811289.1	4296839	0.95	0.90	0.94	0.75	0.72	0.88	0.95	0.98
KN811289.1	4296859	0.92	0.90	0.93	0.60	0.80	0.95	0.95	0.93
KN811289.1	4296869	0.78	0.60	0.52	0.30	0.76	0.73	0.95	0.90
KN811291.1	990909	0.27	0.27	0.31	0.44	0.62	0.14	0.16	0.31
KN811291.1	990923	0.35	0.41	0.75	0.20	0.81	0.86	0.69	0.31
KN811291.1	1225248	0.82	0.48	0.84	0.56	0.77	0.96	0.83	1.00
KN811291.1	1225254	0.91	0.56	0.77	0.56	0.87	1.00	0.92	1.00
KN811292.1	1653879	0.27	0.26	0.26	0.12	0.27	0.26	0.10	0.32
KN811298.1	1744169	0.56	0.51	0.70	0.20	0.55	0.71	0.60	0.34
KN811299.1	2418889	0.96	0.10	0.92	0.19	0.84	1.00	0.38	0.74
KN811299.1	2418895	0.84	0.78	0.90	0.19	0.89	0.91	0.38	0.96
KN811299.1	2418900	0.84	0.74	0.96	0.19	0.95	0.64	0.31	0.96
KN811299.1	2418902	0.84	0.74	0.75	0.19	1.00	0.73	0.36	0.87
KN811299.1	2419046	0.89	0.87	0.67	0.33	0.81	0.79	0.83	0.76
KN811303.1	273169	0.85	0.90	0.87	1.00	0.79	0.82	0.90	0.80
KN811303.1	273171	0.94	0.92	0.95	1.00	0.85	0.90	0.90	0.91
KN811303.1	273176	0.95	0.94	0.98	1.00	0.94	0.92	0.80	0.91
KN811303.1	273182	0.93	0.94	0.88	1.00	0.88	0.97	0.90	0.91
KN811303.1	1857482	0.19	0.39	0.14	0.12	0.50	0.43	0.50	0.33
KN811304.1	750738	0.91	0.98	0.93	0.30	0.94	0.95	0.90	0.95
KN811304.1	2709045	0.92	0.85	0.77	0.52	0.85	0.97	0.80	0.91
KN811309.1	230561	0.96	1.00	0.99	0.96	0.98	0.93	0.96	0.99
KN811314.1	1577812	0.97	0.92	0.85	0.95	0.98	0.95	0.97	1.00
KN811317.1	373175	0.19	0.70	0.41	0.47	0.73	0.62	0.61	0.60
KN811317.1	2581700	0.81	0.62	0.75	0.52	0.54	0.79	0.80	0.79
KN811317.1	2581720	0.74	0.61	0.75	0.48	0.52	0.77	0.83	0.46
KN811319.1	1085127	0.79	0.46	1.00	1.00	0.40	0.88	1.00	1.00
KN811320.1	1898999	1.00	1.00	0.97	1.00	0.85	0.88	0.77	0.88
KN811321.1	457636	0.92	0.92	1.00	1.00	0.92	0.92	0.89	1.00
KN811321.1	1842639	0.95	0.94	0.95	0.60	0.95	0.88	0.97	1.00
KN811321.1	1842659	0.94	0.81	0.97	0.50	0.89	0.93	0.92	1.00
KN811322.1	1049366	0.47	0.22	0.57	0.65	0.17	0.47	0.32	0.14
KN811322.1	2230166	0.93	0.97	1.00	1.00	1.00	1.00	1.00	1.00
KN811322.1	2230175	1.00	0.97	0.97	0.38	1.00	0.98	0.95	1.00
KN811322.1	2230193	0.82	0.95	0.84	0.38	0.86	0.90	0.91	1.00
KN811324.1	1404845	1.00	0.86	0.98	0.84	0.95	0.96	1.00	1.00
KN811324.1	1404847	0.38	0.87	0.56	0.90	0.96	0.71	1.00	1.00
KN811326.1	1193440	0.97	0.92	0.85	0.95	1.00	0.96	0.99	0.77
KN811327.1	737270	0.61	0.71	0.49	0.42	0.74	0.67	0.19	0.86
KN811330.1	2282384	0.41	0.43	0.60	0.12	0.46	0.55	0.43	0.50
KN811335.1	552349	0.39	0.54	0.40	0.33	0.23	0.29	0.28	0.27
KN811335.1	552364	0.46	0.55	0.43	0.16	0.27	0.32	0.28	0.17
KN811336.1	182541	0.28	0.23	0.23	0.34	0.20	0.46	0.40	0.22
KN811336.1	182573	0.67	0.44	0.56	0.38	0.51	0.62	0.58	0.51
KN811336.1	182575	0.71	0.63	0.68	0.50	0.41	0.66	0.49	0.62
KN811336.1	182580	0.61	0.57	0.65	0.50	0.54	0.65	0.56	0.61
KN811336.1	182586	0.63	0.57	0.72	0.88	0.46	0.70	0.52	0.61
KN811336.1	182715	0.28	0.22	0.23	0.34	0.19	0.45	0.40	0.23
KN811336.1	182747	0.80	0.63	0.68	0.55	0.65	0.72	0.81	0.59
KN811336.1	182749	0.51	0.42	0.46	0.44	0.26	0.52	0.32	0.41
KN811340.1	2022128	0.90	0.83	0.85	0.79	0.83	0.90	0.87	0.88
KN811340.1	2022131	0.90	0.86	0.93	0.86	0.86	0.85	0.90	0.81
KN811340.1	2057957	0.87	0.92	0.93	0.47	0.98	0.93	0.91	0.62
KN811340.1	2057989	0.90	0.92	0.90	0.74	0.67	0.91	0.98	0.80
KN811340.1	2057991	0.80	0.98	1.00	0.79	0.71	0.78	0.98	0.93
KN811340.1	2057996	0.94	0.90	0.94	0.68	0.68	0.95	0.98	0.79
KN811340.1	2058002	0.98	0.98	0.94	0.72	0.71	0.99	0.91	0.95
KN811341.1	35865	0.68	0.84	0.73	1.00	0.29	0.85	0.81	1.00
KN811341.1	35903	1.00	0.94	0.98	1.00	0.36	0.86	0.91	1.00
KN811341.1	135193	0.29	0.29	0.31	0.50	0.16	0.35	0.14	0.25
KN811341.1	1855800	0.97	0.76	0.93	0.89	0.96	0.66	0.93	0.90
KN811342.1	1406663	0.93	0.51	0.86	1.00	0.79	0.43	0.82	0.90
KN811342.1	1406684	0.88	0.89	0.82	0.91	0.92	0.93	0.82	1.00
KN811342.1	1406690	0.95	0.89	0.95	0.91	1.00	1.00	0.91	0.95
KN811345.1	704965	0.96	0.90	0.85	0.95	1.00	0.96	0.97	1.00
KN811345.1	1963215	0.25	0.25	0.57	0.29	0.33	0.56	0.59	0.13
KN811346.1	1460104	0.78	0.89	0.88	1.00	0.95	0.54	0.71	0.87
KN811346.1	1460109	0.92	0.94	0.92	1.00	0.84	0.97	0.84	0.53
KN811346.1	1460111	0.85	0.67	0.87	1.00	0.73	0.67	0.61	0.90
KN811347.1	1024762	0.93	0.94	0.97	0.91	0.95	0.90	0.90	0.97
KN811351.1	917616	0.38	0.53	0.69	0.12	0.31	0.60	0.33	0.50
KN811352.1	1211668	0.16	0.47	0.28	0.58	0.53	0.41	0.79	0.58
KN811354.1	1361932	0.67	0.68	0.62	0.20	0.65	0.71	0.60	0.62
KN811354.1	1361939	0.77	0.76	0.62	0.50	0.73	0.71	0.60	0.83
KN811355.1	1041468	0.94	0.95	0.92	0.63	0.96	0.96	0.91	0.86
KN811356.1	1617442	0.81	0.87	0.79	0.56	0.81	0.96	0.81	1.00
KN811356.1	1617448	0.90	0.95	0.68	0.56	0.89	1.00	0.91	1.00
KN811356.1	1617467	0.71	0.87	0.79	0.56	0.78	0.87	1.00	1.00
KN811356.1	1617481	0.58	0.65	0.72	0.56	0.79	0.70	0.81	1.00
KN811356.1	1673857	0.86	0.60	0.77	0.33	0.64	0.72	0.56	0.67
KN811359.1	1838297	0.38	0.54	0.40	0.33	0.23	0.28	0.28	0.28
KN811362.1	853967	0.73	0.82	0.44	0.35	0.79	0.64	0.66	0.62
KN811366.1	1182416	0.83	0.65	0.73	0.33	0.65	0.66	0.59	0.71
KN811374.1	1316046	0.16	0.27	0.10	0.10	0.11	0.12	0.15	0.12
KN811374.1	1415775	0.94	0.98	0.96	0.90	0.93	0.96	0.65	0.44
KN811374.1	1415780	0.69	0.44	0.94	0.90	0.93	0.96	0.15	0.62
KN811374.1	1859479	0.65	0.96	0.88	1.00	1.00	0.84	1.00	0.76
KN811374.1	1859508	0.76	0.58	0.90	1.00	0.67	0.57	0.60	0.57
KN811375.1	587201	0.96	1.00	1.00	1.00	0.96	0.94	0.98	0.98
KN811377.1	199114	0.38	0.14	0.73	0.19	1.00	0.74	0.43	0.27
KN811378.1	749428	0.32	0.11	0.25	0.36	0.42	0.32	0.12	0.23
KN811380.1	192073	0.69	0.31	0.39	0.96	0.19	0.35	0.42	0.44
KN811380.1	438444	0.88	0.91	0.95	0.73	0.93	0.92	0.98	0.92
KN811380.1	1738600	0.13	0.15	0.22	0.28	0.29	0.17	0.39	0.24
KN811384.1	1003860	0.38	0.43	0.37	0.14	0.21	0.27	0.70	0.35
KN811388.1	1548206	0.17	0.21	0.17	0.16	0.18	0.16	0.17	0.21
KN811389.1	749597	0.82	0.82	0.88	0.93	0.71	0.81	0.77	0.82
KN811395.1	1619247	0.38	0.44	0.28	0.92	0.93	0.80	0.93	1.00
KN811397.1	1397104	0.11	0.33	0.31	0.12	0.49	0.21	0.12	0.21
KN811406.1	463820	0.85	0.84	0.86	0.18	0.75	0.53	0.92	0.45
KN811406.1	578307	0.73	0.76	0.77	0.59	0.77	0.86	0.68	0.83
KN811406.1	578343	0.70	0.62	0.76	0.67	0.60	0.55	0.45	0.91
KN811406.1	578350	0.48	0.56	0.67	0.33	0.48	0.59	0.40	0.82
KN811406.1	578354	0.78	0.58	0.69	0.67	0.60	0.59	0.57	0.59
KN811406.1	1814525	0.90	0.89	0.86	1.00	0.85	0.92	0.96	0.84
KN811406.1	4022821	0.24	0.48	0.45	0.34	0.32	0.25	0.36	0.27
KN811407.1	1392048	0.84	0.85	0.94	0.81	0.98	0.59	1.00	0.91
KN811407.1	1392054	0.63	0.47	0.92	0.88	0.84	0.70	1.00	0.75
KN811407.1	1392075	0.67	0.93	0.61	0.80	0.82	0.81	0.81	0.79
KN811408.1	592431	0.97	1.00	0.88	0.73	0.74	0.95	0.90	1.00
KN811408.1	592451	0.90	1.00	0.88	1.00	0.79	0.85	0.80	1.00
KN811408.1	592461	0.79	1.00	0.67	0.73	0.78	0.79	0.82	1.00
KN811409.1	810708	0.70	0.16	0.19	0.88	0.52	0.61	0.21	0.94
KN811409.1	1591922	0.66	0.57	0.72	0.90	0.46	0.76	0.47	0.65
KN811414.1	402404	0.93	0.62	0.47	0.50	0.59	0.92	0.52	0.96
KN811418.1	352787	0.68	0.64	0.71	1.00	0.87	0.56	0.89	0.88
KN811418.1	352795	0.84	0.66	0.80	1.00	0.83	0.74	0.80	0.94
KN811418.1	815543	0.27	0.52	0.13	0.40	0.44	0.36	0.57	0.44
KN811419.1	1022543	0.84	0.91	0.88	0.91	0.94	0.49	0.54	0.71
KN811423.1	1436678	0.60	0.26	0.32	0.17	0.66	0.69	0.19	0.55
KN811423.1	1436691	0.76	0.44	0.59	0.39	1.00	0.85	0.47	0.55
KN811423.1	1436693	0.50	0.33	0.45	0.39	0.79	0.76	0.43	0.67
KN811423.1	1436707	0.69	0.56	0.82	0.17	1.00	0.90	0.52	0.67
KN811426.1	1160561	0.72	0.69	0.76	0.71	0.80	0.78	0.78	0.74
KN811429.1	1606847	0.27	0.42	0.20	0.31	0.36	0.72	0.17	0.37
KN811430.1	1282421	0.90	0.92	0.83	0.61	0.84	0.91	0.83	0.65
KN811443.1	280888	0.98	0.97	0.98	0.88	0.97	1.00	0.87	1.00
KN811446.1	89030	0.21	0.53	0.85	0.23	1.00	0.57	0.90	0.11
KN811447.1	1380062	0.91	0.96	0.91	0.64	0.95	0.89	0.94	1.00
KN811447.1	1380082	0.89	0.92	0.91	0.57	0.90	0.86	0.83	1.00
KN811447.1	1380092	0.92	0.55	0.88	0.29	0.90	0.90	0.50	1.00
KN811448.1	479637	0.91	0.56	0.75	0.57	0.86	1.00	0.90	1.00
KN811448.1	479643	0.80	0.52	0.83	0.57	0.79	0.96	0.81	1.00
KN811448.1	1758998	0.97	0.92	0.88	0.95	1.00	0.89	0.99	1.00
KN811450.1	1517515	0.45	0.56	0.48	0.94	0.46	0.43	0.78	0.58
KN811454.1	502347	0.97	1.00	0.28	0.96	1.00	0.93	1.00	1.00
KN811454.1	506275	0.97	1.00	1.00	0.96	1.00	1.00	1.00	1.00
KN811463.1	658089	0.50	0.17	0.29	0.57	0.32	0.26	0.37	0.57
KN811468.1	601010	0.90	0.82	0.85	0.79	0.83	0.89	0.87	0.88
KN811468.1	601013	0.90	0.86	0.93	0.86	0.86	0.85	0.90	0.81
KN811470.1	561003	0.95	0.93	0.78	0.67	0.82	0.91	0.95	0.92
KN811470.1	561631	0.94	0.94	0.90	1.00	0.95	0.95	0.84	1.00
KN811470.1	1006676	0.47	0.25	0.52	0.30	0.61	0.41	0.39	0.36
KN811472.1	85232	0.93	0.88	0.90	0.73	0.83	0.85	0.77	0.90
KN811472.1	85252	0.93	0.88	0.92	0.83	0.95	0.84	0.85	0.85
KN811478.1	768562	0.54	0.71	0.54	0.32	0.55	0.32	0.50	0.58
KN811480.1	1051339	0.76	0.67	0.88	0.14	0.97	0.78	0.70	0.98
KN811480.1	1051341	0.87	0.90	0.93	0.14	0.97	0.65	0.74	0.85
KN811480.1	1051346	0.74	0.78	0.84	0.14	0.83	0.82	0.74	0.93
KN811480.1	1051352	0.97	0.96	0.81	0.14	1.00	0.86	0.77	0.98
KN811481.1	1002910	0.61	0.27	0.31	0.15	0.84	0.70	0.64	0.56
KN811481.1	1002923	0.77	0.45	0.62	0.38	1.00	0.82	0.78	0.58
KN811481.1	1002925	0.55	0.36	0.50	0.38	0.91	0.77	0.77	0.71
KN811481.1	1002939	0.71	0.53	0.81	0.17	1.00	0.90	0.80	0.71
KN811482.1	1140568	0.92	0.90	0.89	1.00	0.91	0.96	0.97	1.00
KN811482.1	1140571	0.91	0.85	0.93	0.91	0.94	0.87	0.94	0.86
KN811482.1	1140584	0.94	0.95	0.94	0.64	0.99	0.96	0.97	0.79
KN811485.1	159508	1.00	0.49	0.96	1.00	1.00	0.84	0.27	1.00
KN811485.1	159560	0.70	1.00	0.97	1.00	1.00	1.00	1.00	1.00
KN811485.1	159566	1.00	1.00	1.00	1.00	1.00	1.00	1.00	1.00
KN811485.1	159573	1.00	1.00	1.00	1.00	1.00	1.00	1.00	1.00
KN811487.1	560220	0.77	0.45	1.00	1.00	1.00	0.97	1.00	0.90
KN811508.1	718393	0.89	0.89	0.93	0.77	0.94	0.86	1.00	0.83
KN811508.1	718413	0.91	0.89	0.91	0.91	0.82	0.89	0.85	0.90
KN811514.1	468913	0.70	0.67	0.48	0.46	0.81	0.85	0.24	0.80
KN811520.1	119321	0.97	0.62	0.92	0.25	0.92	0.87	0.94	0.86
KN811520.1	119335	0.97	0.28	0.84	0.25	0.69	0.79	0.61	0.54
KN811525.1	734596	0.97	0.92	0.85	0.95	1.00	0.94	0.99	1.00
KN811526.1	520550	0.31	0.71	0.15	0.85	0.35	0.85	0.69	0.30
KN811526.1	521782	0.33	0.30	0.50	0.38	0.61	0.74	0.17	0.38
KN811532.1	214834	0.46	0.33	0.36	0.77	0.56	0.29	0.54	0.45
KN811534.1	92174	0.27	0.31	0.25	0.31	0.31	0.59	0.22	0.23
KN811541.1	221257	0.91	0.81	0.94	0.42	1.00	0.64	0.94	0.88
KN811542.1	87350	0.88	1.00	1.00	1.00	1.00	1.00	1.00	1.00
KN811542.1	87356	1.00	0.96	0.98	1.00	1.00	1.00	0.13	0.96
KN811542.1	87383	1.00	1.00	0.97	1.00	1.00	0.33	0.98	1.00
KN811545.1	670383	0.97	0.93	0.92	0.95	1.00	0.96	0.97	1.00
KN811547.1	735955	0.28	0.28	0.39	0.29	0.45	0.28	0.31	0.38
KN811547.1	3877620	0.58	0.43	0.67	0.21	0.61	0.66	0.64	0.33
KN811558.1	68158	0.74	0.75	0.73	0.37	0.70	0.85	0.58	0.79
KN811558.1	316990	0.87	1.00	0.91	1.00	0.91	1.00	0.83	1.00
KN811558.1	316995	0.77	0.93	0.47	0.91	0.81	0.85	0.93	0.86
KN811559.1	758885	0.92	0.98	0.91	0.40	0.93	1.00	0.82	0.59
KN811561.1	256586	0.73	0.58	0.74	0.45	0.65	0.68	0.62	0.77
KN811561.1	256594	0.87	0.71	0.82	0.45	0.68	0.79	0.62	0.74
KN811561.1	256636	0.89	0.74	0.66	0.77	0.65	0.86	0.82	0.85
KN811561.1	256643	0.80	0.54	0.78	0.77	0.54	0.71	0.44	0.73
KN811570.1	243355	0.97	0.92	0.85	0.95	1.00	0.96	0.99	1.00
KN811572.1	877944	0.47	0.50	0.31	0.18	0.39	0.57	0.66	0.15
KN811576.1	930867	0.84	0.40	0.89	0.90	0.88	0.88	0.84	0.95
KN811576.1	930872	0.95	0.58	0.94	0.90	0.93	0.91	0.84	0.97
KN811576.1	930874	0.78	0.86	0.54	0.90	0.81	0.88	0.71	0.92
KN811577.1	264558	0.83	0.73	0.69	0.47	0.74	0.73	0.50	0.87
KN811577.1	264573	0.61	0.59	0.67	0.79	0.65	0.55	0.33	0.55
KN811601.1	301001	0.88	0.77	0.82	0.55	0.77	0.78	0.71	0.98
KN811601.1	319643	0.80	0.67	0.90	0.69	0.93	0.88	0.68	0.52
KN811601.1	572391	0.97	0.80	0.85	1.00	0.41	0.88	0.92	0.97
KN811601.1	572396	0.97	0.78	0.90	0.92	0.98	0.85	0.86	1.00
KN811603.1	394761	0.31	0.14	0.13	0.18	0.55	0.10	0.14	0.10
KN811603.1	648210	0.33	0.14	0.15	0.21	0.66	0.12	0.14	0.12
KN811604.1	180175	0.68	0.69	0.73	0.45	0.57	0.77	0.84	0.80
KN811604.1	628716	0.90	0.74	0.88	1.00	0.92	0.90	0.84	0.86
KN811604.1	628724	0.82	0.90	0.88	0.89	0.81	0.83	0.82	1.00
