Sample	Cutadapt_mqc-generalstats-cutadapt-percent_trimmed	FastQC_mqc-generalstats-fastqc-percent_duplicates	FastQC_mqc-generalstats-fastqc-percent_gc	FastQC_mqc-generalstats-fastqc-avg_sequence_length	FastQC_mqc-generalstats-fastqc-percent_fails	FastQC_mqc-generalstats-fastqc-total_sequences
190626_I114_FCH7TVNBBXY_L2_20-N4_1	2.1535979862445154					
190626_I114_FCH7TVNBBXY_L2_20-N4_1_val_1		87.81250536975517	31.0	47.260431593635246	27.27272727272727	31986987.0
190626_I114_FCH7TVNBBXY_L2_20-N4_2	2.1556299663823415					
190626_I114_FCH7TVNBBXY_L2_20-N4_2_val_2		82.99202261609705	28.0	45.94971645813343	27.27272727272727	31986987.0
190626_I114_FCH7TVNBBXY_L2_20-S1_1	1.9153030462997884					
190626_I114_FCH7TVNBBXY_L2_20-S1_1_val_1		87.77641852325962	31.0	47.364059219484105	27.27272727272727	33173136.0
190626_I114_FCH7TVNBBXY_L2_20-S1_2	1.8986110622968102					
190626_I114_FCH7TVNBBXY_L2_20-S1_2_val_2		83.75891879038501	28.0	46.0242976123813	27.27272727272727	33173136.0
190626_I114_FCH7TVNBBXY_L2_20-S3_1	1.918376143356169					
190626_I114_FCH7TVNBBXY_L2_20-S3_1_val_1		88.06068777975739	31.0	47.352529466510674	27.27272727272727	29591220.0
190626_I114_FCH7TVNBBXY_L2_20-S3_2	1.9244626152027255					
190626_I114_FCH7TVNBBXY_L2_20-S3_2_val_2		82.80762235533308	28.0	46.02928172613363	27.27272727272727	29591220.0
190626_I114_FCH7TVNBBXY_L2_20-S4_1	2.1391326356615283					
190626_I114_FCH7TVNBBXY_L2_20-S4_1_val_1		88.12099585328346	31.0	47.28780679688105	27.27272727272727	28894606.0
190626_I114_FCH7TVNBBXY_L2_20-S4_2	2.1220804381121647					
190626_I114_FCH7TVNBBXY_L2_20-S4_2_val_2		83.96532024284795	28.0	45.96293491594936	27.27272727272727	28894606.0
190626_I114_FCH7TVNBBXY_L2_5-N1_1	2.0673361268334576					
190626_I114_FCH7TVNBBXY_L2_5-N1_1_val_1		89.19137397344389	31.0	47.26358942270234	27.27272727272727	19973457.0
190626_I114_FCH7TVNBBXY_L2_5-N1_2	2.020814722705061					
190626_I114_FCH7TVNBBXY_L2_5-N1_2_val_2		84.1230025102646	28.0	45.98259379936082	27.27272727272727	19973457.0
190626_I114_FCH7TVNBBXY_L2_5-N2_1	1.9669238523279176					
190626_I114_FCH7TVNBBXY_L2_5-N2_1_val_1		88.17143785439177	31.0	47.34959336084335	27.27272727272727	28405897.0
190626_I114_FCH7TVNBBXY_L2_5-N2_2	1.9645061862333673					
190626_I114_FCH7TVNBBXY_L2_5-N2_2_val_2		83.16417416246676	27.0	45.99603596394087	27.27272727272727	28405897.0
190626_I114_FCH7TVNBBXY_L2_5-S3_1	2.428795216226247					
190626_I114_FCH7TVNBBXY_L2_5-S3_1_val_1		89.18390193906143	30.0	47.228881181751454	27.27272727272727	25865202.0
190626_I114_FCH7TVNBBXY_L2_5-S3_2	2.4308884878721027					
190626_I114_FCH7TVNBBXY_L2_5-S3_2_val_2		84.50149040669784	27.0	45.88914758910447	27.27272727272727	25865202.0
190626_I114_FCH7TVNBBXY_L2_5-S4_1	2.0258419036775432					
190626_I114_FCH7TVNBBXY_L2_5-S4_1_val_1		88.01709674390175	31.0	47.3049275339895	27.27272727272727	31022820.0
190626_I114_FCH7TVNBBXY_L2_5-S4_2	2.0051316498873537					
190626_I114_FCH7TVNBBXY_L2_5-S4_2_val_2		84.42481616708505	27.0	46.019590933383874	27.27272727272727	31022820.0
190626_I114_FCH7TVNBBXY_L2_OC-S1_1	2.120910288539028					
190626_I114_FCH7TVNBBXY_L2_OC-S1_1_val_1		88.44884729826728	31.0	47.287052002167385	27.27272727272727	25141779.0
190626_I114_FCH7TVNBBXY_L2_OC-S1_2	2.113009868935096					
190626_I114_FCH7TVNBBXY_L2_OC-S1_2_val_2		84.29286284195231	27.0	45.9864876705821	27.27272727272727	25141779.0
190626_I114_FCH7TVNBBXY_L3_20-N2_1	2.1714747255791194					
190626_I114_FCH7TVNBBXY_L3_20-N2_1_val_1		77.83025105814009	30.0	47.17220034342116	27.27272727272727	18227182.0
190626_I114_FCH7TVNBBXY_L3_20-N2_2	2.211488844972979					
190626_I114_FCH7TVNBBXY_L3_20-N2_2_val_2		70.46528476271834	27.0	45.84670005489603	27.27272727272727	18227182.0
190626_I114_FCH7TVNBBXY_L3_5-N3_1	1.9988878002624568					
190626_I114_FCH7TVNBBXY_L3_5-N3_1_val_1		75.33765879276021	31.0	47.24522090385964	27.27272727272727	24038489.0
190626_I114_FCH7TVNBBXY_L3_5-N3_2	1.9997047392059302					
190626_I114_FCH7TVNBBXY_L3_5-N3_2_val_2		68.4373277856401	28.0	45.91692872210063	27.27272727272727	24038489.0
190626_I114_FCH7TVNBBXY_L3_5-S2_1	2.298098548630562					
190626_I114_FCH7TVNBBXY_L3_5-S2_1_val_1		73.40404966232308	31.0	47.111218249109726	27.27272727272727	25870062.0
190626_I114_FCH7TVNBBXY_L3_5-S2_2	2.3200529479239815					
190626_I114_FCH7TVNBBXY_L3_5-S2_2_val_2		65.9740236201635	28.0	45.815593329463226	27.27272727272727	25870062.0
190626_I114_FCH7TVNBBXY_L3_OC-N1_1	1.7894747923857584					
190626_I114_FCH7TVNBBXY_L3_OC-N1_1_val_1		73.49118284172364	30.0	47.36017004868692	27.27272727272727	21362823.0
190626_I114_FCH7TVNBBXY_L3_OC-N1_2	1.8058925615652546					
190626_I114_FCH7TVNBBXY_L3_OC-N1_2_val_2		63.6764672862518	27.0	46.108365968299225	27.27272727272727	21362823.0
190626_I114_FCH7TVNBBXY_L3_OC-N2_1	1.95992650187262					
190626_I114_FCH7TVNBBXY_L3_OC-N2_1_val_1		77.42585993656571	30.0	47.27827962273907	27.27272727272727	21575942.0
190626_I114_FCH7TVNBBXY_L3_OC-N2_2	1.9680304392485928					
190626_I114_FCH7TVNBBXY_L3_OC-N2_2_val_2		70.94313241825307	27.0	45.96549059132621	27.27272727272727	21575942.0
190626_I114_FCH7TVNBBXY_L3_OC-N4_1	1.7879343746223901					
190626_I114_FCH7TVNBBXY_L3_OC-N4_1_val_1		79.27533731056324	31.0	47.37340287384973	27.27272727272727	19798530.0
190626_I114_FCH7TVNBBXY_L3_OC-N4_2	1.782459299978899					
190626_I114_FCH7TVNBBXY_L3_OC-N4_2_val_2		71.5790057131042	28.0	46.09451095611644	27.27272727272727	19798530.0
190626_I114_FCH7TVNBBXY_L3_OC-N5_1	2.015023634478442					
190626_I114_FCH7TVNBBXY_L3_OC-N5_1_val_1		79.57293029289781	29.0	47.294664636578595	27.27272727272727	18864863.0
190626_I114_FCH7TVNBBXY_L3_OC-N5_2	2.0200469301148476					
190626_I114_FCH7TVNBBXY_L3_OC-N5_2_val_2		73.51251118543541	26.0	46.064277487729434	27.27272727272727	18864863.0
190626_I114_FCH7TVNBBXY_L3_OC-S2_1	2.1081787582037035					
190626_I114_FCH7TVNBBXY_L3_OC-S2_1_val_1		83.27884527295842	30.0	47.253678836243765	27.27272727272727	14347472.0
190626_I114_FCH7TVNBBXY_L3_OC-S2_2	2.126104923098312					
190626_I114_FCH7TVNBBXY_L3_OC-S2_2_val_2		75.58268204705055	27.0	45.913281517468725	27.27272727272727	14347472.0
190626_I114_FCH7TVNBBXY_L3_OC-S3_1	1.8121531247812392					
190626_I114_FCH7TVNBBXY_L3_OC-S3_1_val_1		73.6672012784601	31.0	47.377365591284	27.27272727272727	23138771.0
190626_I114_FCH7TVNBBXY_L3_OC-S3_2	1.7930449659241114					
190626_I114_FCH7TVNBBXY_L3_OC-S3_2_val_2		66.93164231952237	27.0	46.05080425403752	27.27272727272727	23138771.0
190626_I114_FCH7TVNBBXY_L4_20-N1_1	1.8451095987415875					
190626_I114_FCH7TVNBBXY_L4_20-N1_1_val_1		90.86692593069267	29.0	47.29097323107989	27.27272727272727	26133105.0
190626_I114_FCH7TVNBBXY_L4_20-N1_2	1.7825771567743798					
190626_I114_FCH7TVNBBXY_L4_20-N1_2_val_2		81.02181051862406	27.0	46.17312963767604	27.27272727272727	26133105.0
190626_I114_FCH7TVNBBXY_L4_20-S2_1	1.8737093854117841					
190626_I114_FCH7TVNBBXY_L4_20-S2_1_val_1		92.45163817830766	30.0	47.34151001631901	27.27272727272727	21250671.0
190626_I114_FCH7TVNBBXY_L4_20-S2_2	1.8698104898454577					
190626_I114_FCH7TVNBBXY_L4_20-S2_2_val_2		81.53440376618835	27.0	46.11331402194312	27.27272727272727	21250671.0
190626_I114_FCH7TVNBBXY_L4_5-S1_1	1.8635189259417582					
190626_I114_FCH7TVNBBXY_L4_5-S1_1_val_1		90.74611690442696	31.0	47.312735426827665	27.27272727272727	27934635.0
190626_I114_FCH7TVNBBXY_L4_5-S1_2	1.8390780324912284					
190626_I114_FCH7TVNBBXY_L4_5-S1_2_val_2		81.77865541916668	27.0	45.98537317562946	36.36363636363637	27934635.0
190626_I114_FCH7TVNBBXY_L4_OC-S5_1	1.5446548357540353					
190626_I114_FCH7TVNBBXY_L4_OC-S5_1_val_1		86.72252466647193	26.0	47.428592745893624	27.27272727272727	27951782.0
190626_I114_FCH7TVNBBXY_L4_OC-S5_2	1.4426302095634305					
190626_I114_FCH7TVNBBXY_L4_OC-S5_2_val_2		79.12552487906203	25.0	46.72811980288055	27.27272727272727	27951782.0
