chr	start	end	mean_NO
1	KN805525.1	43178	43179	0.576666666666667
2	KN805525.1	104317	104318	0.323333333333333
3	KN805525.1	104510	104511	0.9
4	KN805525.1	114719	114720	0.00333333333333333
5	KN805525.1	211401	211402	0.0966666666666667
6	KN805525.1	211450	211451	0.0633333333333333
7	KN805525.1	211649	211650	0
8	KN805525.1	211672	211673	0
9	KN805525.1	211684	211685	0
10	KN805525.1	215453	215454	0
11	KN805525.1	215709	215710	0
12	KN805525.1	243041	243042	0.986666666666667
13	KN805525.1	243093	243094	0.95
14	KN805525.1	243286	243287	0.246666666666667
15	KN805525.1	379297	379298	0
16	KN805525.1	414417	414418	0
17	KN805525.1	478531	478532	0.93
18	KN805525.1	540748	540749	0.0666666666666667
19	KN805525.1	540800	540801	0.05
20	KN805525.1	540808	540809	0.126666666666667
21	KN805525.1	541191	541192	0
22	KN805525.1	541203	541204	0
23	KN805525.1	541258	541259	0
24	KN805525.1	541430	541431	0
25	KN805525.1	544516	544517	0
26	KN805525.1	642057	642058	0.86
27	KN805525.1	733019	733020	0.436666666666667
28	KN805525.1	785485	785486	0
29	KN805525.1	785506	785507	0.2
30	KN805525.1	830018	830019	0
31	KN805525.1	907079	907080	0
32	KN805525.1	907103	907104	0
33	KN805525.1	907130	907131	0
34	KN805525.1	941570	941571	0
35	KN805525.1	941597	941598	0
36	KN805525.1	941659	941660	0
37	KN805525.1	941672	941673	0
38	KN805525.1	941720	941721	0.00333333333333333
39	KN805525.1	941747	941748	0
40	KN805525.1	941811	941812	0
41	KN805525.1	952930	952931	0.26
42	KN805525.1	953344	953345	0
43	KN805525.1	953393	953394	0
44	KN805525.1	953470	953471	0
45	KN805525.1	953540	953541	0
46	KN805525.1	1022226	1022227	0.0733333333333333
47	KN805525.1	1110600	1110601	0.91
48	KN805525.1	1133239	1133240	0
49	KN805525.1	1133295	1133296	0
50	KN805525.1	1133512	1133513	0.01
51	KN805525.1	1133799	1133800	0
52	KN805525.1	1133864	1133865	0
53	KN805525.1	1144828	1144829	0.03
54	KN805525.1	1157720	1157721	0.0266666666666667
55	KN805525.1	1163200	1163201	0.913333333333333
56	KN805525.1	1167082	1167083	0
57	KN805525.1	1167541	1167542	0.00333333333333333
58	KN805525.1	1167561	1167562	0.00333333333333333
59	KN805525.1	1171297	1171298	0
60	KN805525.1	1171330	1171331	0
61	KN805525.1	1171423	1171424	0.333333333333333
62	KN805525.1	1230607	1230608	0
63	KN805525.1	1230855	1230856	0
64	KN805525.1	1230890	1230891	0
65	KN805525.1	1261631	1261632	0.436666666666667
66	KN805525.1	1332870	1332871	0.563333333333333
67	KN805525.1	1437149	1437150	0.2
68	KN805525.1	1437180	1437181	0
69	KN805525.1	1437281	1437282	0
70	KN805525.1	1437787	1437788	0.11
71	KN805525.1	1437904	1437905	0
72	KN805525.1	1437935	1437936	0
73	KN805525.1	1488250	1488251	0.0433333333333333
74	KN805525.1	1541649	1541650	0.72
75	KN805525.1	1635982	1635983	0
76	KN805525.1	1635994	1635995	0
77	KN805525.1	1636021	1636022	0
78	KN805525.1	1636383	1636384	0.193333333333333
79	KN805525.1	1700113	1700114	0.0466666666666667
80	KN805525.1	1700279	1700280	0
81	KN805525.1	1700307	1700308	0
82	KN805525.1	1700505	1700506	0
83	KN805525.1	1700580	1700581	0
84	KN805525.1	1734674	1734675	0
85	KN805525.1	1734942	1734943	0
86	KN805525.1	1770899	1770900	0
87	KN805525.1	1858277	1858278	0.29
88	KN805525.1	1858457	1858458	0.0966666666666667
89	KN805525.1	1940047	1940048	0
90	KN805525.1	2000787	2000788	0.0933333333333333
91	KN805525.1	2000816	2000817	0
92	KN805525.1	2000903	2000904	0
93	KN805525.1	2000931	2000932	0
94	KN805525.1	2000936	2000937	0
95	KN805525.1	2001352	2001353	0
96	KN805525.1	2001377	2001378	0
97	KN805525.1	2001687	2001688	0
98	KN805525.1	2027073	2027074	0.903333333333333
99	KN805525.1	2062026	2062027	0
100	KN805525.1	2062085	2062086	0
101	KN805525.1	2062132	2062133	0
102	KN805525.1	2062201	2062202	0
103	KN805525.1	2062240	2062241	0
104	KN805525.1	2130608	2130609	0
105	KN805525.1	2130622	2130623	0.0466666666666667
106	KN805525.1	2207815	2207816	0.0566666666666667
107	KN805525.1	2207867	2207868	0
108	KN805525.1	2208032	2208033	0.15
109	KN805525.1	2223913	2223914	0.333333333333333
110	KN805525.1	2224014	2224015	0.03
111	KN805525.1	2224069	2224070	0.0433333333333333
112	KN805525.1	2230152	2230153	0.00333333333333333
113	KN805525.1	2230156	2230157	0
114	KN805525.1	2230171	2230172	0
115	KN805525.1	2230188	2230189	0
116	KN805525.1	2230205	2230206	0
117	KN805525.1	2230215	2230216	0
118	KN805525.1	2230304	2230305	0
119	KN805525.1	2231186	2231187	0
120	KN805525.1	2231342	2231343	0
121	KN805525.1	2268140	2268141	0
122	KN805525.1	2268162	2268163	0
123	KN805525.1	2304319	2304320	0
124	KN805525.1	2304510	2304511	0
125	KN805525.1	2304522	2304523	0
126	KN805525.1	2304566	2304567	0
127	KN805525.1	2307939	2307940	0.0266666666666667
128	KN805525.1	2326436	2326437	0.00666666666666667
129	KN805525.1	2351145	2351146	0.02
130	KN805525.1	2351241	2351242	0
131	KN805525.1	2368632	2368633	0.0533333333333333
132	KN805525.1	2368703	2368704	0
133	KN805525.1	2503059	2503060	0
134	KN805525.1	2670369	2670370	0.836666666666667
135	KN805525.1	2710562	2710563	0.00333333333333333
136	KN805525.1	2711289	2711290	0.556666666666667
137	KN805525.1	2767056	2767057	0.913333333333333
138	KN805525.1	2877394	2877395	0.846666666666667
139	KN805525.1	2931711	2931712	0.836666666666667
140	KN805525.1	2972527	2972528	0.0333333333333333
141	KN805525.1	2972541	2972542	0
142	KN805525.1	2972978	2972979	0.333333333333333
143	KN805525.1	2973008	2973009	0
144	KN805525.1	3004841	3004842	0
145	KN805525.1	3004926	3004927	0.0766666666666667
146	KN805525.1	3004985	3004986	0.0666666666666667
147	KN805525.1	3005010	3005011	0.34
148	KN805525.1	3005021	3005022	0.376666666666667
149	KN805525.1	3005026	3005027	0.04
150	KN805525.1	3005054	3005055	0.01
151	KN805525.1	3005064	3005065	0
152	KN805525.1	3005085	3005086	0.156666666666667
153	KN805525.1	3005091	3005092	0.16
154	KN805525.1	3005104	3005105	0.09
155	KN805525.1	3005148	3005149	0.15
156	KN805525.1	3005177	3005178	0.00333333333333333
157	KN805525.1	3005200	3005201	0
158	KN805525.1	3005254	3005255	0
159	KN805525.1	3098539	3098540	0.0466666666666667
160	KN805525.1	3098685	3098686	0.00333333333333333
161	KN805525.1	3098849	3098850	0
162	KN805525.1	3135182	3135183	0.773333333333333
163	KN805525.1	3209240	3209241	0.15
164	KN805525.1	3213725	3213726	0
165	KN805525.1	3213762	3213763	0
166	KN805525.1	3213939	3213940	0
167	KN805525.1	3214003	3214004	0
168	KN805525.1	3214027	3214028	0
169	KN805525.1	3277726	3277727	0.346666666666667
170	KN805525.1	3838166	3838167	0.763333333333333
171	KN805525.1	3867305	3867306	0
172	KN805525.1	3867353	3867354	0.01
173	KN805525.1	3940092	3940093	0
174	KN805525.1	3940109	3940110	0.01
175	KN805525.1	3940135	3940136	0
176	KN805525.1	3963231	3963232	0.283333333333333
177	KN805525.1	3984399	3984400	0.00333333333333333
178	KN805525.1	3984509	3984510	0
179	KN805525.1	3984548	3984549	0
180	KN805525.1	3990455	3990456	0.993333333333333
181	KN805525.1	3990713	3990714	0.766666666666667
182	KN805525.1	4051765	4051766	0
183	KN805525.1	4051827	4051828	0
184	KN805525.1	4051864	4051865	0.0566666666666667
185	KN805525.1	4051935	4051936	0
186	KN805525.1	4052064	4052065	0.00333333333333333
187	KN805525.1	4052070	4052071	0
188	KN805525.1	4052090	4052091	0
189	KN805525.1	4052100	4052101	0
190	KN805525.1	4052222	4052223	0.00333333333333333
191	KN805525.1	4052252	4052253	0.00666666666666667
192	KN805525.1	4060062	4060063	0.0266666666666667
193	KN805525.1	4060119	4060120	0.00333333333333333
194	KN805525.1	4075757	4075758	0.68
195	KN805525.1	4177619	4177620	0.02
196	KN805525.1	4177682	4177683	0
197	KN805525.1	4185875	4185876	0
198	KN805525.1	4196269	4196270	0
199	KN805525.1	4201942	4201943	0.566666666666667
200	KN805525.1	4201985	4201986	0.0666666666666667
201	KN805525.1	4207778	4207779	0
202	KN805525.1	4252440	4252441	0
203	KN805525.1	4252467	4252468	0.00333333333333333
204	KN805525.1	4252612	4252613	0.08
205	KN805525.1	4258619	4258620	0
206	KN805525.1	4258752	4258753	0
207	KN805525.1	4258777	4258778	0
208	KN805525.1	4392422	4392423	0
209	KN805525.1	4513463	4513464	0.07
210	KN805525.1	4547217	4547218	0.946666666666667
211	KN805525.1	4615446	4615447	1
212	KN805525.1	4648051	4648052	1
213	KN805525.1	4656723	4656724	0.16
214	KN805525.1	4694874	4694875	0.933333333333333
215	KN805525.1	4771164	4771165	0
216	KN805525.1	4771195	4771196	0
217	KN805525.1	4771509	4771510	0
218	KN805525.1	4808850	4808851	0
219	KN805525.1	4808908	4808909	0
220	KN805525.1	4809034	4809035	0
221	KN805525.1	4809061	4809062	0.0233333333333333
222	KN805525.1	4811076	4811077	0
223	KN805525.1	4811254	4811255	0.00333333333333333
224	KN805525.1	4828325	4828326	0
225	KN805525.1	4845039	4845040	0.0666666666666667
226	KN805525.1	4874466	4874467	0.143333333333333
227	KN805525.1	4955896	4955897	0
228	KN805525.1	4956010	4956011	0
229	KN805525.1	5010845	5010846	0
230	KN805525.1	5010880	5010881	0
231	KN805525.1	5011025	5011026	0.03
232	KN805525.1	5047573	5047574	0.333333333333333
233	KN805525.1	5110774	5110775	0.0266666666666667
234	KN805525.1	5113747	5113748	0
235	KN805525.1	5113845	5113846	0
236	KN805525.1	5231442	5231443	0.903333333333333
237	KN805525.1	5252521	5252522	0.00333333333333333
238	KN805525.1	5470379	5470380	0.966666666666667
239	KN805525.1	5697745	5697746	0.953333333333333
240	KN805525.1	5853973	5853974	0.87
241	KN805525.1	5854023	5854024	0.85
242	KN805525.1	5866888	5866889	0.00333333333333333
243	KN805525.1	5867002	5867003	0
244	KN805525.1	5974829	5974830	0
245	KN805525.1	5974865	5974866	0.176666666666667
246	KN805525.1	5989246	5989247	0.0433333333333333
247	KN805525.1	6002994	6002995	0
248	KN805525.1	6003093	6003094	0.06
249	KN805525.1	6003167	6003168	0
250	KN805525.1	6083295	6083296	0
251	KN805525.1	6086457	6086458	0
252	KN805525.1	6087859	6087860	0
253	KN805525.1	6087938	6087939	0
254	KN805525.1	6087951	6087952	0
255	KN805525.1	6087977	6087978	0
256	KN805525.1	6088001	6088002	0.00333333333333333
257	KN805525.1	6088108	6088109	0
258	KN805525.1	6088174	6088175	0
259	KN805525.1	6088200	6088201	0
260	KN805525.1	6088281	6088282	0
261	KN805525.1	6088305	6088306	0.333333333333333
262	KN805525.1	6088428	6088429	0
263	KN805525.1	6088469	6088470	0.0133333333333333
264	KN805525.1	6103407	6103408	0
265	KN805525.1	6103436	6103437	0
266	KN805525.1	6137854	6137855	0
267	KN805525.1	6165343	6165344	0.963333333333333
268	KN805525.1	6219685	6219686	0.00333333333333333
269	KN805525.1	6219704	6219705	0
270	KN805525.1	6219725	6219726	0
271	KN805525.1	6242493	6242494	0
272	KN805525.1	6242658	6242659	0
273	KN805525.1	6242677	6242678	0
274	KN805525.1	6264373	6264374	0
275	KN805525.1	6349364	6349365	0.653333333333333
276	KN805525.1	6349545	6349546	0.436666666666667
277	KN805525.1	6349977	6349978	0.45
278	KN805526.1	1639	1640	0.773333333333333
279	KN805526.1	14203	14204	0
280	KN805526.1	14244	14245	0
281	KN805526.1	40290	40291	0.00333333333333333
282	KN805526.1	40451	40452	0
283	KN805526.1	148908	148909	0.00333333333333333
284	KN805526.1	148938	148939	0.00333333333333333
285	KN805526.1	158212	158213	0
286	KN805526.1	158236	158237	0
287	KN805526.1	158263	158264	0
288	KN805526.1	158286	158287	0
289	KN805526.1	158335	158336	0
290	KN805526.1	158946	158947	0
291	KN805526.1	158974	158975	0.0466666666666667
292	KN805526.1	278637	278638	0
293	KN805526.1	285842	285843	0.616666666666667
294	KN805526.1	286067	286068	0.876666666666667
295	KN805526.1	286089	286090	0.876666666666667
296	KN805526.1	286149	286150	0.77
297	KN805526.1	286170	286171	0.616666666666667
298	KN805526.1	399407	399408	0.346666666666667
299	KN805526.1	467966	467967	0.666666666666667
300	KN805526.1	732142	732143	0
301	KN805526.1	732173	732174	0.00333333333333333
302	KN805526.1	732293	732294	0.203333333333333
303	KN805526.1	734501	734502	0
304	KN805526.1	734680	734681	0
305	KN805526.1	735104	735105	0.0566666666666667
306	KN805526.1	735443	735444	0.00666666666666667
307	KN805526.1	735574	735575	0.00333333333333333
308	KN805526.1	735635	735636	0
309	KN805526.1	735659	735660	0
310	KN805526.1	735674	735675	0
311	KN805526.1	744655	744656	0.273333333333333
312	KN805526.1	1019589	1019590	0.696666666666667
313	KN805526.1	1085820	1085821	0.783333333333333
314	KN805526.1	1133593	1133594	0.82
315	KN805526.1	1177328	1177329	0.673333333333333
316	KN805526.1	1297913	1297914	0.05
317	KN805526.1	1332165	1332166	0.00666666666666667
318	KN805526.1	1332180	1332181	0.556666666666667
319	KN805526.1	1415829	1415830	0
320	KN805526.1	1415852	1415853	0
321	KN805526.1	1450674	1450675	0.163333333333333
322	KN805526.1	1450704	1450705	0.486666666666667
323	KN805526.1	1450802	1450803	0
324	KN805526.1	1450849	1450850	0.0733333333333333
325	KN805526.1	1463603	1463604	0
326	KN805526.1	1464604	1464605	0
327	KN805526.1	1464636	1464637	0
328	KN805526.1	1502555	1502556	0
329	KN805526.1	1502587	1502588	0.00666666666666667
330	KN805526.1	1502613	1502614	0
331	KN805526.1	1502633	1502634	0
332	KN805526.1	1545294	1545295	0
333	KN805526.1	1576775	1576776	0.913333333333333
334	KN805526.1	1659304	1659305	0.0566666666666667
335	KN805526.1	1659322	1659323	0.1
336	KN805526.1	1739619	1739620	0.163333333333333
337	KN805526.1	1739645	1739646	0.05
338	KN805526.1	1739727	1739728	0
339	KN805526.1	1739773	1739774	0
340	KN805526.1	1739839	1739840	0
341	KN805526.1	1739908	1739909	0
342	KN805526.1	1739977	1739978	0
343	KN805526.1	1742549	1742550	0
344	KN805526.1	1900392	1900393	0.34
345	KN805526.1	1912056	1912057	0.0933333333333333
346	KN805526.1	1920297	1920298	0.293333333333333
347	KN805526.1	1920763	1920764	0.926666666666667
348	KN805526.1	2078138	2078139	0
349	KN805526.1	2078161	2078162	0.0666666666666667
350	KN805526.1	2078623	2078624	0
351	KN805526.1	2078656	2078657	0
352	KN805526.1	2079625	2079626	0
353	KN805526.1	2079646	2079647	0.0266666666666667
354	KN805526.1	2140141	2140142	0.893333333333333
355	KN805526.1	2155281	2155282	0
356	KN805526.1	2155310	2155311	0
357	KN805526.1	2155352	2155353	0.00333333333333333
358	KN805526.1	2198594	2198595	0.51
359	KN805526.1	2198637	2198638	0.61
360	KN805526.1	2409350	2409351	0
361	KN805526.1	2410507	2410508	0.0666666666666667
362	KN805526.1	2415134	2415135	0
363	KN805526.1	2441137	2441138	0
364	KN805526.1	2441163	2441164	0
365	KN805526.1	2470278	2470279	0.913333333333333
366	KN805526.1	2499188	2499189	0.00333333333333333
367	KN805526.1	2627260	2627261	0.333333333333333
368	KN805526.1	2676758	2676759	0
369	KN805526.1	2676819	2676820	0.0233333333333333
370	KN805526.1	2677247	2677248	0
371	KN805526.1	2677262	2677263	0
372	KN805526.1	2677279	2677280	0.0333333333333333
373	KN805526.1	2677332	2677333	0.133333333333333
374	KN805526.1	2677359	2677360	0
375	KN805526.1	2677389	2677390	0.00333333333333333
376	KN805526.1	2677406	2677407	0
377	KN805526.1	2680152	2680153	0.953333333333333
378	KN805526.1	2685271	2685272	0.0266666666666667
379	KN805526.1	2685300	2685301	0.346666666666667
380	KN805526.1	2712788	2712789	0.00333333333333333
381	KN805526.1	2736198	2736199	0.00666666666666667
382	KN805526.1	2736213	2736214	0
383	KN805526.1	2742569	2742570	0.133333333333333
384	KN805526.1	2742614	2742615	0
385	KN805526.1	2766080	2766081	0.00666666666666667
386	KN805526.1	2766212	2766213	0.146666666666667
387	KN805526.1	2766536	2766537	0
388	KN805526.1	2766726	2766727	0
389	KN805526.1	2766736	2766737	0
390	KN805526.1	2766753	2766754	0
391	KN805526.1	2766763	2766764	0
392	KN805526.1	2766774	2766775	0.00333333333333333
393	KN805526.1	2766860	2766861	0
394	KN805526.1	2766931	2766932	0
395	KN805526.1	2766975	2766976	0.00333333333333333
396	KN805526.1	2767033	2767034	0
397	KN805526.1	2767044	2767045	0.0233333333333333
398	KN805526.1	2767058	2767059	0
399	KN805526.1	2767076	2767077	0.106666666666667
400	KN805526.1	2767126	2767127	0
401	KN805526.1	2767904	2767905	0
402	KN805526.1	2827804	2827805	0.0233333333333333
403	KN805526.1	2922709	2922710	0
404	KN805526.1	2922892	2922893	0
405	KN805526.1	2931457	2931458	0.233333333333333
406	KN805526.1	3038526	3038527	0
407	KN805526.1	3038588	3038589	0
408	KN805526.1	3038632	3038633	0
409	KN805526.1	3038683	3038684	0
410	KN805526.1	3038723	3038724	0.00333333333333333
411	KN805526.1	3064669	3064670	1
412	KN805526.1	3065228	3065229	0.486666666666667
413	KN805526.1	3092783	3092784	0
414	KN805526.1	3092890	3092891	0
415	KN805526.1	3093028	3093029	0
416	KN805526.1	3093065	3093066	0
417	KN805526.1	3093126	3093127	0
418	KN805526.1	3093233	3093234	0.01
419	KN805526.1	3146262	3146263	0.233333333333333
420	KN805526.1	3146510	3146511	0.00333333333333333
421	KN805526.1	3166148	3166149	0.0133333333333333
422	KN805526.1	3177489	3177490	0.84
423	KN805526.1	3180913	3180914	0.25
424	KN805526.1	3180960	3180961	0.243333333333333
425	KN805526.1	3204330	3204331	0
426	KN805526.1	3206527	3206528	0.426666666666667
427	KN805526.1	3206582	3206583	0
428	KN805526.1	3206613	3206614	0.333333333333333
429	KN805526.1	3227325	3227326	0.00333333333333333
430	KN805526.1	3242711	3242712	0.96
431	KN805526.1	3266886	3266887	0.51
432	KN805526.1	3308485	3308486	0.35
433	KN805526.1	3308749	3308750	0.9
434	KN805526.1	3332851	3332852	0.0866666666666667
435	KN805526.1	3333578	3333579	0.993333333333333
436	KN805526.1	3393651	3393652	0.19
437	KN805526.1	3430324	3430325	0.84
438	KN805526.1	3430344	3430345	0.936666666666667
439	KN805526.1	3491644	3491645	0.723333333333333
440	KN805526.1	3525143	3525144	0.62
441	KN805526.1	3614369	3614370	0.966666666666667
442	KN805526.1	3641911	3641912	0.00333333333333333
443	KN805526.1	3666007	3666008	0.0233333333333333
444	KN805526.1	3667343	3667344	0.0933333333333333
445	KN805526.1	3690896	3690897	0.473333333333333
446	KN805526.1	3691131	3691132	0.45
447	KN805526.1	3697106	3697107	0.00333333333333333
448	KN805526.1	3697121	3697122	0
449	KN805526.1	3697144	3697145	0
450	KN805526.1	3697185	3697186	0
451	KN805526.1	3705158	3705159	1
452	KN805526.1	3705172	3705173	1
453	KN805526.1	3705206	3705207	0.756666666666667
454	KN805526.1	3705212	3705213	0.463333333333333
455	KN805526.1	3742084	3742085	0.943333333333333
456	KN805526.1	3807822	3807823	0
457	KN805526.1	3807846	3807847	0
458	KN805526.1	3807893	3807894	0
459	KN805526.1	3807935	3807936	0
460	KN805526.1	3808018	3808019	0
461	KN805526.1	3808037	3808038	0.243333333333333
462	KN805526.1	3808076	3808077	0.00333333333333333
463	KN805526.1	3808199	3808200	0
464	KN805526.1	3809513	3809514	0
465	KN805526.1	3844410	3844411	0.33
466	KN805526.1	3951473	3951474	0.86
467	KN805526.1	3991369	3991370	0.01
468	KN805526.1	4004679	4004680	0.99
469	KN805526.1	4047540	4047541	0.763333333333333
470	KN805526.1	4078418	4078419	0.926666666666667
471	KN805526.1	4104034	4104035	0.00333333333333333
472	KN805526.1	4104172	4104173	0
473	KN805526.1	4104218	4104219	0
474	KN805526.1	4104328	4104329	0
475	KN805526.1	4104336	4104337	0
476	KN805526.1	4104343	4104344	0
477	KN805526.1	4131347	4131348	0.45
478	KN805526.1	4174349	4174350	0.83
479	KN805526.1	4175475	4175476	0.516666666666667
480	KN805526.1	4262875	4262876	0.0866666666666667
481	KN805526.1	4264868	4264869	0.973333333333333
482	KN805526.1	4296482	4296483	0.89
483	KN805526.1	4356649	4356650	0.00666666666666667
484	KN805526.1	4360531	4360532	0.14
485	KN805526.1	4360574	4360575	0.11
486	KN805526.1	4477719	4477720	0.75
487	KN805526.1	4477731	4477732	0.51
488	KN805526.1	4477870	4477871	0.71
489	KN805526.1	4555129	4555130	0.546666666666667
490	KN805526.1	4555163	4555164	0.88
491	KN805526.1	4562386	4562387	0.93
492	KN805526.1	4609572	4609573	0.776666666666667
493	KN805526.1	4611992	4611993	0
494	KN805526.1	4680056	4680057	0.946666666666667
495	KN805526.1	4810831	4810832	0.87
496	KN805526.1	4846760	4846761	0.71
497	KN805526.1	4902476	4902477	0.72
498	KN805526.1	4920912	4920913	0.593333333333333
499	KN805526.1	4949656	4949657	0
500	KN805526.1	4955787	4955788	0.166666666666667
501	KN805526.1	4997113	4997114	0.00333333333333333
502	KN805526.1	4997158	4997159	0
503	KN805526.1	5049672	5049673	0.143333333333333
504	KN805526.1	5049682	5049683	0.3
505	KN805526.1	5049697	5049698	0.443333333333333
506	KN805526.1	5049751	5049752	0.143333333333333
507	KN805526.1	5063658	5063659	0.636666666666667
508	KN805526.1	5083868	5083869	0.143333333333333
509	KN805526.1	5161469	5161470	0.24
510	KN805526.1	5161484	5161485	0.0333333333333333
511	KN805526.1	5161508	5161509	0.413333333333333
512	KN805526.1	5161528	5161529	0
513	KN805526.1	5161551	5161552	0.00333333333333333
514	KN805526.1	5161570	5161571	0
515	KN805526.1	5161659	5161660	0
516	KN805526.1	5161686	5161687	0
517	KN805526.1	5161697	5161698	0
518	KN805526.1	5224680	5224681	0.376666666666667
519	KN805526.1	5224712	5224713	0.383333333333333
520	KN805526.1	5310112	5310113	0.796666666666667
521	KN805526.1	5436589	5436590	0
522	KN805526.1	5436709	5436710	0
523	KN805526.1	5436752	5436753	0.00666666666666667
524	KN805526.1	5615707	5615708	0.313333333333333
525	KN805526.1	5678380	5678381	0.333333333333333
526	KN805526.1	5678398	5678399	0
527	KN805526.1	5678403	5678404	0
528	KN805526.1	5682269	5682270	0
529	KN805526.1	5682505	5682506	0.0533333333333333
530	KN805526.1	5682736	5682737	0
531	KN805526.1	5719874	5719875	0
532	KN805526.1	5719906	5719907	0
533	KN805526.1	5754342	5754343	0.156666666666667
534	KN805526.1	5754442	5754443	0.0466666666666667
535	KN805526.1	5801401	5801402	0.00333333333333333
536	KN805526.1	5801444	5801445	0
537	KN805526.1	5801527	5801528	0
538	KN805526.1	5801564	5801565	0
539	KN805526.1	5804368	5804369	0.00666666666666667
540	KN805526.1	5804409	5804410	0
541	KN805526.1	5804508	5804509	0
542	KN805526.1	5865993	5865994	0.3
543	KN805526.1	5866572	5866573	0.846666666666667
544	KN805526.1	5942319	5942320	0
545	KN805526.1	5942352	5942353	0.0466666666666667
546	KN805526.1	5942439	5942440	0
547	KN805526.1	5946006	5946007	0
548	KN805526.1	5974235	5974236	0.82
549	KN805526.1	5979567	5979568	0
550	KN805526.1	5979596	5979597	0
551	KN805526.1	5979638	5979639	0
552	KN805526.1	5979658	5979659	0
553	KN805526.1	6017338	6017339	0.41
554	KN805526.1	6140375	6140376	0.226666666666667
555	KN805526.1	6156112	6156113	0.973333333333333
556	KN811310.1	17192	17193	0
557	KN811310.1	40062	40063	0
558	KN811310.1	40088	40089	0
559	KN811310.1	41783	41784	0
560	KN811310.1	41960	41961	0
561	KN811310.1	41986	41987	0
562	KN811310.1	69156	69157	0.843333333333333
563	KN811310.1	151125	151126	0
564	KN811310.1	151190	151191	0.04
565	KN811310.1	158102	158103	0.0666666666666667
566	KN811310.1	158790	158791	0
567	KN811310.1	158867	158868	0
568	KN811310.1	158913	158914	0
569	KN811310.1	158966	158967	0
570	KN811310.1	212321	212322	0
571	KN811310.1	224769	224770	0.08
572	KN811310.1	224918	224919	0
573	KN811310.1	234633	234634	0
574	KN811310.1	263965	263966	0
575	KN811310.1	264027	264028	0.00333333333333333
576	KN811310.1	264200	264201	0.04
577	KN811310.1	264540	264541	0.0133333333333333
578	KN811310.1	295736	295737	0.333333333333333
579	KN811310.1	295810	295811	0
580	KN811310.1	295838	295839	0.0866666666666667
581	KN811310.1	301669	301670	0
582	KN811310.1	301865	301866	0
583	KN811310.1	301901	301902	0
584	KN811310.1	321672	321673	0
585	KN811310.1	321691	321692	0
586	KN811310.1	321709	321710	0
587	KN811310.1	321729	321730	0
588	KN811310.1	364313	364314	0.153333333333333
589	KN811310.1	392482	392483	0.91
590	KN811310.1	406053	406054	0
591	KN811310.1	406247	406248	0
592	KN811310.1	408167	408168	0
593	KN811310.1	671550	671551	0.163333333333333
594	KN811310.1	696924	696925	0
595	KN811310.1	696987	696988	0.0566666666666667
596	KN811310.1	697119	697120	0
597	KN811310.1	697134	697135	0
598	KN811310.1	830350	830351	0.07
599	KN811310.1	830495	830496	0
600	KN811310.1	843712	843713	0
601	KN811310.1	843766	843767	0
602	KN811310.1	845696	845697	0
603	KN811310.1	845742	845743	0
604	KN811310.1	868152	868153	0.52
605	KN811310.1	880282	880283	0
606	KN811310.1	880333	880334	0
607	KN811310.1	890131	890132	0.00666666666666667
608	KN811310.1	890152	890153	0.00333333333333333
609	KN811310.1	890233	890234	0.00333333333333333
610	KN811310.1	890280	890281	0.00666666666666667
611	KN811310.1	898713	898714	0
612	KN811310.1	962213	962214	0.05
613	KN811310.1	1048296	1048297	0
614	KN811310.1	1048377	1048378	0
615	KN811310.1	1071408	1071409	0.773333333333333
616	KN811310.1	1071422	1071423	1
617	KN811310.1	1092211	1092212	0
618	KN811310.1	1092273	1092274	0.00333333333333333
619	KN811310.1	1092314	1092315	0
620	KN811310.1	1092369	1092370	0
621	KN811310.1	1092452	1092453	0.03
622	KN811310.1	1092462	1092463	0
623	KN811310.1	1099630	1099631	0.16
624	KN811310.1	1099671	1099672	0.343333333333333
625	KN811310.1	1119206	1119207	0.556666666666667
626	KN811310.1	1125290	1125291	0
627	KN811310.1	1125396	1125397	0
628	KN811310.1	1125426	1125427	0
629	KN811310.1	1125558	1125559	0
630	KN811310.1	1125597	1125598	0
631	KN811310.1	1125979	1125980	0.0166666666666667
632	KN811310.1	1126153	1126154	0
633	KN811310.1	1135155	1135156	0
634	KN811310.1	1135426	1135427	0.333333333333333
635	KN811310.1	1152751	1152752	0
636	KN811310.1	1152756	1152757	0
637	KN811310.1	1152763	1152764	0
638	KN811310.1	1152771	1152772	0.0566666666666667
639	KN811310.1	1152782	1152783	0
640	KN811310.1	1155255	1155256	0
641	KN811310.1	1192915	1192916	0.0233333333333333
642	KN811310.1	1340640	1340641	0.343333333333333
643	KN811310.1	1368793	1368794	0.0166666666666667
644	KN811310.1	1373710	1373711	0
645	KN811310.1	1373717	1373718	0
646	KN811310.1	1373727	1373728	0
647	KN811310.1	1373865	1373866	0
648	KN811310.1	1373889	1373890	0
649	KN811310.1	1373901	1373902	0
650	KN811310.1	1373913	1373914	0
651	KN811310.1	1373924	1373925	0
652	KN811310.1	1373956	1373957	0
653	KN811310.1	1373980	1373981	0
654	KN811310.1	1374188	1374189	0
655	KN811310.1	1374234	1374235	0
656	KN811310.1	1377811	1377812	0.01
657	KN811310.1	1388813	1388814	0.79
658	KN811310.1	1397779	1397780	0.05
659	KN811310.1	1429434	1429435	0.226666666666667
660	KN811310.1	1429526	1429527	0.366666666666667
661	KN811310.1	1429734	1429735	0
662	KN811310.1	1429752	1429753	0
663	KN811310.1	1429821	1429822	0
664	KN811310.1	1437624	1437625	0.123333333333333
665	KN811310.1	1575860	1575861	0.24
666	KN811310.1	1600509	1600510	0.00333333333333333
667	KN811310.1	1601354	1601355	0
668	KN811310.1	1601388	1601389	0
669	KN811310.1	1601429	1601430	0.333333333333333
670	KN811310.1	1601445	1601446	0
671	KN811310.1	1601486	1601487	0
672	KN811310.1	1601530	1601531	0.00333333333333333
673	KN811310.1	1601626	1601627	0
674	KN811310.1	1601728	1601729	0.0133333333333333
675	KN811310.1	1601797	1601798	0
676	KN811310.1	1601900	1601901	0.02
677	KN811310.1	1616302	1616303	0.0666666666666667
678	KN811310.1	1616557	1616558	0
679	KN811310.1	1616642	1616643	0
680	KN811310.1	1616862	1616863	0
681	KN811310.1	1631155	1631156	0
682	KN811310.1	1646503	1646504	0
683	KN811310.1	1646536	1646537	0
684	KN811310.1	1646588	1646589	0
685	KN811310.1	1648304	1648305	0
686	KN811310.1	1675125	1675126	0.913333333333333
687	KN811310.1	1719485	1719486	0.896666666666667
688	KN811310.1	1719615	1719616	0.946666666666667
689	KN811310.1	1719660	1719661	0.376666666666667
690	KN811310.1	1740558	1740559	0
691	KN811310.1	1740575	1740576	0.00333333333333333
692	KN811310.1	1740604	1740605	0
693	KN811310.1	1740622	1740623	0
694	KN811310.1	1740652	1740653	0.00333333333333333
695	KN811310.1	1743794	1743795	0.416666666666667
696	KN811310.1	1743961	1743962	0.963333333333333
697	KN811310.1	1759627	1759628	0.666666666666667
698	KN811310.1	1759637	1759638	0.6
699	KN811310.1	1759649	1759650	0.833333333333333
700	KN811310.1	1856809	1856810	0.89
701	KN811310.1	1858500	1858501	0.556666666666667
702	KN811310.1	1995911	1995912	0.663333333333333
703	KN811310.1	2104218	2104219	0.436666666666667
704	KN811310.1	2104471	2104472	0.246666666666667
705	KN811310.1	2290545	2290546	0.00333333333333333
706	KN811310.1	2290554	2290555	0
707	KN811310.1	2290610	2290611	0
708	KN811310.1	2305107	2305108	0
709	KN811310.1	2350294	2350295	0.0533333333333333
710	KN811310.1	2350602	2350603	0.0833333333333333
711	KN811310.1	2490242	2490243	0.95
712	KN811310.1	2523387	2523388	0
713	KN811310.1	2523931	2523932	0.00666666666666667
714	KN811310.1	2553906	2553907	0.13
715	KN811310.1	2559193	2559194	0.0433333333333333
716	KN811310.1	2563837	2563838	0
717	KN811310.1	2563867	2563868	0
718	KN811310.1	2568297	2568298	0.0266666666666667
719	KN811310.1	2568319	2568320	0
720	KN811310.1	2568425	2568426	0.04
721	KN811310.1	2569339	2569340	0
722	KN811310.1	2569413	2569414	0
723	KN811310.1	2570805	2570806	0
724	KN811310.1	2570882	2570883	0.0466666666666667
725	KN811310.1	2602577	2602578	0.0866666666666667
726	KN811310.1	2603058	2603059	0
727	KN811310.1	2622842	2622843	0.173333333333333
728	KN811310.1	2622853	2622854	0
729	KN811310.1	2661417	2661418	0.22
730	KN811310.1	2662163	2662164	0
731	KN811310.1	2674521	2674522	0
732	KN811310.1	2674597	2674598	0
733	KN811310.1	2725007	2725008	0.276666666666667
734	KN811310.1	2725066	2725067	0
735	KN811310.1	2726114	2726115	0.426666666666667
736	KN811310.1	2726299	2726300	0
737	KN811310.1	2726323	2726324	0
738	KN811310.1	2726346	2726347	0.0666666666666667
739	KN811310.1	2726386	2726387	0.0366666666666667
740	KN811310.1	2747381	2747382	0
741	KN811310.1	2747616	2747617	0
742	KN811310.1	2782708	2782709	0
743	KN811310.1	2783246	2783247	0
744	KN811310.1	2783291	2783292	0
745	KN811310.1	2783410	2783411	0
746	KN811310.1	2867033	2867034	0.166666666666667
747	KN811310.1	2867122	2867123	0.00333333333333333
748	KN811310.1	2897907	2897908	0
749	KN811310.1	2898066	2898067	0
750	KN811310.1	2898142	2898143	0.0133333333333333
751	KN811310.1	2898342	2898343	0
752	KN811310.1	2898396	2898397	0
753	KN811310.1	2898506	2898507	0.0433333333333333
754	KN811310.1	3040580	3040581	0
755	KN811310.1	3203385	3203386	0.916666666666667
756	KN811310.1	3205502	3205503	0
757	KN811310.1	3348444	3348445	0
758	KN811310.1	3348462	3348463	0
759	KN811310.1	3348507	3348508	0
760	KN811310.1	3348534	3348535	0
761	KN811310.1	3376803	3376804	0.576666666666667
762	KN811310.1	3377687	3377688	0.243333333333333
763	KN811310.1	3377751	3377752	0.1
764	KN811310.1	3393615	3393616	0.976666666666667
765	KN811310.1	3578551	3578552	0.266666666666667
766	KN811310.1	3621951	3621952	0.673333333333333
767	KN811310.1	3685041	3685042	0.00333333333333333
768	KN811310.1	3698762	3698763	0
769	KN811310.1	3706635	3706636	0
770	KN811310.1	3712153	3712154	0
771	KN811310.1	3712233	3712234	0
772	KN811310.1	3712260	3712261	0
773	KN811310.1	3712466	3712467	0.0433333333333333
774	KN811310.1	3712575	3712576	0
775	KN811310.1	3712590	3712591	0.0566666666666667
776	KN811310.1	3712605	3712606	0
777	KN811310.1	3712611	3712612	0.00666666666666667
778	KN811310.1	3712670	3712671	0
779	KN811310.1	3712706	3712707	0
780	KN811310.1	3712734	3712735	0
781	KN811310.1	3904720	3904721	0.0866666666666667
782	KN811310.1	3922304	3922305	0
783	KN811310.1	3965327	3965328	0.563333333333333
784	KN811310.1	4056016	4056017	0.553333333333333
785	KN811310.1	4056053	4056054	0.916666666666667
786	KN811310.1	4184333	4184334	0.00666666666666667
787	KN811310.1	4184688	4184689	0
788	KN811310.1	4258171	4258172	0
789	KN811310.1	4258211	4258212	0
790	KN811310.1	4277513	4277514	0
791	KN811310.1	4277589	4277590	0.00333333333333333
792	KN811310.1	4440626	4440627	0.746666666666667
793	KN811310.1	4493005	4493006	0.0666666666666667
794	KN811310.1	4503509	4503510	0.233333333333333
795	KN811310.1	4503546	4503547	0
796	KN811310.1	4503562	4503563	0.04
797	KN811310.1	4631230	4631231	0.666666666666667
798	KN811310.1	4645104	4645105	0.403333333333333
799	KN811310.1	4656194	4656195	0.32
800	KN811310.1	4656235	4656236	0.09
801	KN811310.1	4707671	4707672	0.116666666666667
802	KN811310.1	4707689	4707690	0
803	KN811310.1	4707800	4707801	0.06
804	KN811310.1	4748307	4748308	0.106666666666667
805	KN811310.1	4753631	4753632	0
806	KN811310.1	4753685	4753686	0
807	KN811310.1	4753807	4753808	0.05
808	KN811310.1	4753836	4753837	0
809	KN811310.1	4754245	4754246	0
810	KN811310.1	4802538	4802539	0
811	KN811310.1	4802684	4802685	0
812	KN811310.1	4824115	4824116	0.243333333333333
813	KN811310.1	4919359	4919360	0.473333333333333
814	KN811310.1	4921504	4921505	0.67
815	KN811310.1	4921985	4921986	0.18
816	KN811310.1	4926473	4926474	0
817	KN811310.1	4947895	4947896	0
818	KN811310.1	5039224	5039225	0
819	KN811310.1	5039257	5039258	0.186666666666667
820	KN811310.1	5039283	5039284	0.00333333333333333
821	KN811310.1	5039295	5039296	0.00333333333333333
822	KN811310.1	5039423	5039424	0
823	KN811310.1	5039512	5039513	0
824	KN811310.1	5173932	5173933	0.00666666666666667
825	KN811310.1	5173954	5173955	0
826	KN811310.1	5174004	5174005	0
827	KN811310.1	5174029	5174030	0
828	KN811310.1	5174078	5174079	0
829	KN811310.1	5192542	5192543	0.643333333333333
830	KN811340.1	26237	26238	0
831	KN811340.1	26258	26259	0
832	KN811340.1	26366	26367	0
833	KN811340.1	136477	136478	0
834	KN811340.1	257665	257666	0.623333333333333
835	KN811340.1	284587	284588	0.37
836	KN811340.1	284612	284613	0.66
837	KN811340.1	347183	347184	0
838	KN811340.1	353638	353639	0.48
839	KN811340.1	354012	354013	0.94
840	KN811340.1	354063	354064	0.926666666666667
841	KN811340.1	359266	359267	0.863333333333333
842	KN811340.1	472753	472754	0.826666666666667
843	KN811340.1	521447	521448	0.0366666666666667
844	KN811340.1	650994	650995	0.126666666666667
845	KN811340.1	797964	797965	0.00333333333333333
846	KN811340.1	798008	798009	0.00333333333333333
847	KN811340.1	798030	798031	0
848	KN811340.1	889817	889818	0.00333333333333333
849	KN811340.1	889848	889849	0
850	KN811340.1	889864	889865	0.323333333333333
851	KN811340.1	889904	889905	0
852	KN811340.1	889946	889947	0.0766666666666667
853	KN811340.1	890442	890443	0
854	KN811340.1	890545	890546	0.0333333333333333
855	KN811340.1	960331	960332	0
856	KN811340.1	960353	960354	0
857	KN811340.1	963183	963184	0
858	KN811340.1	1020363	1020364	0.41
859	KN811340.1	1115004	1115005	0
860	KN811340.1	1115131	1115132	0
861	KN811340.1	1115208	1115209	0
862	KN811340.1	1128208	1128209	0.486666666666667
863	KN811340.1	1212010	1212011	0
864	KN811340.1	1212146	1212147	0
865	KN811340.1	1305347	1305348	0.293333333333333
866	KN811340.1	1350498	1350499	0
867	KN811340.1	1350513	1350514	0
868	KN811340.1	1350690	1350691	0
869	KN811340.1	1350705	1350706	0
870	KN811340.1	1350735	1350736	0.00333333333333333
871	KN811340.1	1377286	1377287	0.68
872	KN811340.1	1415991	1415992	0.0466666666666667
873	KN811340.1	1416494	1416495	0.666666666666667
874	KN811340.1	1567447	1567448	0.826666666666667
875	KN811340.1	1567566	1567567	0.49
876	KN811340.1	1615259	1615260	0.906666666666667
877	KN811340.1	1848103	1848104	0.933333333333333
878	KN811340.1	1886407	1886408	0
879	KN811340.1	1906090	1906091	0.393333333333333
880	KN811340.1	1917898	1917899	0.736666666666667
881	KN811340.1	1928927	1928928	0
882	KN811340.1	1928948	1928949	0.06
883	KN811340.1	1929088	1929089	0.00333333333333333
884	KN811340.1	1929167	1929168	0
885	KN811340.1	1980035	1980036	0.08
886	KN811340.1	2022114	2022115	0.76
887	KN811340.1	2057749	2057750	0.85
888	KN811340.1	2057990	2057991	0.886666666666667
889	KN811340.1	2177857	2177858	0.676666666666667
890	KN811340.1	2219123	2219124	0.35
891	KN811340.1	2355372	2355373	0.99
892	KN811340.1	2562986	2562987	0.386666666666667
893	KN811340.1	2595197	2595198	0
894	KN811340.1	2595214	2595215	0
895	KN811340.1	2595225	2595226	0
896	KN811340.1	2595277	2595278	0
897	KN811340.1	2628686	2628687	0.326666666666667
898	KN811340.1	2719707	2719708	0
899	KN811340.1	2719836	2719837	0
900	KN811340.1	2734129	2734130	0.823333333333333
901	KN811340.1	2734172	2734173	0.866666666666667
902	KN811340.1	2734296	2734297	0.94
903	KN811340.1	2734391	2734392	0.876666666666667
904	KN811340.1	2862512	2862513	0.0533333333333333
905	KN811340.1	2862533	2862534	0
906	KN811340.1	2862547	2862548	0
907	KN811340.1	2862559	2862560	0
908	KN811340.1	2862574	2862575	0
909	KN811340.1	2862594	2862595	0
910	KN811340.1	2862610	2862611	0
911	KN811340.1	2862864	2862865	0
912	KN811340.1	2862884	2862885	0
913	KN811340.1	2862892	2862893	0
914	KN811340.1	2863485	2863486	0.0866666666666667
915	KN811340.1	2869094	2869095	0.926666666666667
916	KN811340.1	2878303	2878304	0.613333333333333
917	KN811340.1	2878863	2878864	0.4
918	KN811340.1	2916254	2916255	0
919	KN811340.1	2916284	2916285	0
920	KN811340.1	2916466	2916467	0
921	KN811340.1	2916657	2916658	0
922	KN811340.1	2916711	2916712	0
923	KN811340.1	2916755	2916756	0
924	KN811340.1	2916932	2916933	0
925	KN811340.1	2917079	2917080	0
926	KN811340.1	2917104	2917105	0.0633333333333333
927	KN811340.1	2917233	2917234	0.466666666666667
928	KN811340.1	3006550	3006551	0
929	KN811340.1	3025312	3025313	0.0366666666666667
930	KN811340.1	3060577	3060578	0
931	KN811340.1	3060590	3060591	0
932	KN811340.1	3060649	3060650	0.08
933	KN811340.1	3060822	3060823	0
934	KN811340.1	3060920	3060921	0
935	KN811340.1	3088742	3088743	0.0433333333333333
936	KN811340.1	3098504	3098505	0.836666666666667
937	KN811340.1	3165911	3165912	0.11
938	KN811340.1	3199097	3199098	0.636666666666667
939	KN811340.1	3199128	3199129	0.673333333333333
940	KN811340.1	3199168	3199169	0.566666666666667
941	KN811340.1	3199794	3199795	0.85
942	KN811340.1	3221790	3221791	0.103333333333333
943	KN811340.1	3222536	3222537	0.0866666666666667
944	KN811340.1	3222579	3222580	0.0866666666666667
945	KN811340.1	3234226	3234227	0.343333333333333
946	KN811340.1	3234247	3234248	0.806666666666667
947	KN811340.1	3238595	3238596	0
948	KN811340.1	3270568	3270569	1
949	KN811340.1	3291265	3291266	0
950	KN811340.1	3291302	3291303	0
951	KN811340.1	3291365	3291366	0
952	KN811340.1	3291388	3291389	0.0166666666666667
953	KN811340.1	3291443	3291444	0
954	KN811340.1	3308900	3308901	0.59
955	KN811340.1	3309945	3309946	0.03
956	KN811340.1	3383692	3383693	0.01
957	KN811340.1	3383794	3383795	0
958	KN811340.1	3383824	3383825	0
959	KN811340.1	3383882	3383883	0.11
960	KN811340.1	3411943	3411944	0
961	KN811340.1	3411969	3411970	0
962	KN811340.1	3412133	3412134	0
963	KN811340.1	3412393	3412394	0
964	KN811340.1	3412439	3412440	0
965	KN811340.1	3412445	3412446	0
966	KN811340.1	3412470	3412471	0
967	KN811340.1	3412508	3412509	0.05
968	KN811340.1	3468416	3468417	0.17
969	KN811340.1	3468435	3468436	0.0733333333333333
970	KN811340.1	3468858	3468859	0
971	KN811340.1	3468926	3468927	0
972	KN811340.1	3468965	3468966	0
973	KN811340.1	3469043	3469044	0.00666666666666667
974	KN811340.1	3469067	3469068	0
975	KN811340.1	3469248	3469249	0
976	KN811340.1	3490307	3490308	0.00333333333333333
977	KN811340.1	3490345	3490346	0
978	KN811340.1	3490394	3490395	0
979	KN811340.1	3490423	3490424	0
980	KN811340.1	3490454	3490455	0.00333333333333333
981	KN811340.1	3490543	3490544	0.04
982	KN811340.1	3490594	3490595	0
983	KN811340.1	3490624	3490625	0
984	KN811340.1	3490687	3490688	0
985	KN811340.1	3490879	3490880	0.0133333333333333
986	KN811340.1	3569666	3569667	0.01
987	KN811340.1	3569827	3569828	0.0666666666666667
988	KN811340.1	3569865	3569866	0
989	KN811340.1	3569885	3569886	0
990	KN811340.1	3570054	3570055	0.0766666666666667
991	KN811340.1	3570069	3570070	0
992	KN811340.1	3570373	3570374	0.00666666666666667
993	KN811340.1	3644876	3644877	0.0266666666666667
994	KN811340.1	3644908	3644909	0.0833333333333333
995	KN811340.1	3648600	3648601	0
996	KN811340.1	3648818	3648819	0.00333333333333333
997	KN811340.1	3737510	3737511	0
998	KN811340.1	3737611	3737612	0
999	KN811340.1	3737637	3737638	0
1000	KN811340.1	3737699	3737700	0.00333333333333333
1001	KN811340.1	3738303	3738304	0.00333333333333333
1002	KN811340.1	3762680	3762681	0
1003	KN811340.1	3762841	3762842	0
1004	KN811340.1	3893317	3893318	0
1005	KN811340.1	3893433	3893434	0.163333333333333
1006	KN811340.1	3934448	3934449	0.416666666666667
1007	KN811340.1	3946412	3946413	0.453333333333333
1008	KN811340.1	3951150	3951151	0.93
1009	KN811340.1	3964309	3964310	0.103333333333333
1010	KN811340.1	4112216	4112217	0
1011	KN811340.1	4112370	4112371	0
1012	KN811340.1	4112473	4112474	0
1013	KN811340.1	4112516	4112517	0
1014	KN811340.1	4112640	4112641	0
1015	KN811340.1	4112661	4112662	0.0266666666666667
1016	KN811340.1	4112695	4112696	0
1017	KN811340.1	4112736	4112737	0
1018	KN811340.1	4131774	4131775	0
1019	KN811340.1	4131842	4131843	0
1020	KN811340.1	4131876	4131877	0
1021	KN811340.1	4132002	4132003	0
1022	KN811340.1	4170925	4170926	1
1023	KN811340.1	4190510	4190511	0.646666666666667
1024	KN811340.1	4200746	4200747	0.603333333333333
1025	KN811340.1	4210287	4210288	0
1026	KN811340.1	4210299	4210300	0
1027	KN811340.1	4210417	4210418	0.00333333333333333
1028	KN811340.1	4210504	4210505	0
1029	KN811340.1	4210546	4210547	0
1030	KN811340.1	4217407	4217408	0.00333333333333333
1031	KN811340.1	4224771	4224772	0.88
1032	KN811340.1	4259971	4259972	0
1033	KN811340.1	4260237	4260238	0.00333333333333333
1034	KN811340.1	4271769	4271770	0
1035	KN811340.1	4271867	4271868	0
1036	KN811340.1	4271888	4271889	0.00333333333333333
1037	KN811340.1	4271983	4271984	0.00333333333333333
1038	KN811340.1	4271999	4272000	0
1039	KN811340.1	4281627	4281628	0
1040	KN811340.1	4281727	4281728	0
1041	KN811340.1	4287524	4287525	0
1042	KN811340.1	4293574	4293575	0.0333333333333333
1043	KN811340.1	4406382	4406383	0.633333333333333
1044	KN811340.1	4495567	4495568	0.666666666666667
1045	KN811340.1	4497588	4497589	0
1046	KN811340.1	4497695	4497696	0
1047	KN811340.1	4575896	4575897	0
1048	KN811340.1	4576016	4576017	0
1049	KN811340.1	4576143	4576144	0
1050	KN811340.1	4576342	4576343	0
1051	KN811340.1	4576392	4576393	0
1052	KN811340.1	4576428	4576429	0
1053	KN811340.1	4576472	4576473	0
1054	KN811340.1	4589218	4589219	0.01
1055	KN811340.1	4589240	4589241	0
1056	KN811340.1	4589244	4589245	0
1057	KN811340.1	4589270	4589271	0.00333333333333333
1058	KN811340.1	4589278	4589279	0.00333333333333333
1059	KN811340.1	4589746	4589747	0
1060	KN811340.1	4589816	4589817	0.00666666666666667
1061	KN811340.1	4589995	4589996	0
1062	KN811340.1	4616627	4616628	0.673333333333333
1063	KN811340.1	4686490	4686491	0.526666666666667
1064	KN811340.1	4771691	4771692	0
1065	KN811340.1	4771724	4771725	0
1066	KN811340.1	4785922	4785923	0.03
1067	KN811340.1	4785934	4785935	0.0466666666666667
1068	KN811340.1	4785951	4785952	0
1069	KN811340.1	4785955	4785956	0.0833333333333333
1070	KN811340.1	4799621	4799622	0.17
1071	KN811340.1	4804122	4804123	0.103333333333333
1072	KN811340.1	4876441	4876442	0.113333333333333
1073	KN811340.1	4876520	4876521	0.333333333333333
1074	KN811340.1	4876539	4876540	0.0666666666666667
1075	KN811340.1	4876560	4876561	0
1076	KN811340.1	4876597	4876598	0
1077	KN811340.1	4876722	4876723	0.0866666666666667
1078	KN811340.1	4884364	4884365	0.666666666666667
1079	KN811340.1	4900082	4900083	1
1080	KN811340.1	4900167	4900168	0.706666666666667
1081	KN811340.1	4901214	4901215	0.67
1082	KN811340.1	4964148	4964149	0.09
